time	Zeff
0	7.223298695
0.2	10.74539772
0.4	5.539036743
0.6	4.833040218
0.8	4.800393034
1	4.008765983
1.2	5.572635684
1.4	5.525894587
1.6	4.670797089
1.8	8.558495883
2	16.46310858
2.2	32.12818737
2.4	53.72082698
2.6	71.19023067
2.8	135.6179553
3	211.9437453
3.2	173.2807838
3.4	199.1523556
3.6	162.03526
3.8	210.4292649
4	228.6872468
4.2	285.687327
4.4	428.2047506
4.6	356.2042383
4.8	214.9559374
5	254.8769253
5.2	257.0184208
5.4	303.4793782
5.6	551.6330109
5.8	174.205758
6	229.4312209
6.2	178.5281681
6.4	465.9666298
6.6	241.007026
6.8	187.2517091
7	214.7284396
7.2	167.8640113
7.4	188.7802522
7.6	149.4516368
7.8	169.2819158
8	93.56076168
8.2	112.3050778
8.4	94.95535982
8.6	69.83370922
8.8	75.00913542
9	59.72488498
9.2	73.85133022
9.4	85.62329179
9.6	47.66530287
9.8	76.95249755
10	52.6205964
10.2	55.74136057
10.4	44.21290765
10.6	37.80105425
10.8	44.12463854
11	39.90014809
11.2	44.16898408
11.4	39.85283863
11.6	38.7240527
11.8	36.64606699
12	34.87349351
12.2	35.44848903
12.4	37.68559897
12.6	27.27550503
12.8	26.82598995
13	33.48761599
13.2	21.01759167
13.4	19.6145503
13.6	19.8304409
13.8	23.1140044
14	18.47182232
14.2	21.339241
14.4	17.1689774
14.6	23.44080015
14.8	20.23126631
15	17.63056376
15.2	18.90603115
15.4	20.94066784
15.6	16.02435824
15.8	22.7648201
16	22.61186039
16.2	16.92990035
16.4	15.95238726
16.6	21.04535766
16.8	16.91167588
17	22.51065715
17.2	19.71585622
17.4	21.284748
17.6	19.6799668
17.8	20.97699366
18	18.14420566
18.2	20.76356288
18.4	16.70993295
18.6	17.81569343
18.8	15.98701373
19	15.10744445
19.2	15.07093054
19.4	14.76192355
19.6	16.40651415
19.8	17.39862605
20	17.34787025
20.2	14.55964083
20.4	15.49502856
20.6	13.67554061
20.8	14.31098113
21	14.96604174
21.2	16.04979546
21.4	12.49324775
21.6	14.85091108
21.8	11.25898851
22	12.34551968
22.2	10.93634124
22.4	12.00440559
22.6	12.69094553
22.8	12.6049069
23	11.28217228
23.2	13.2945934
23.4	10.89400335
23.6	11.3101314
23.8	9.670280851
24	9.250864583
24.2	11.64943387
24.4	9.830717918
24.6	10.0162247
24.8	9.844920214
25	8.820408656
25.2	11.0756448
25.4	8.303801708
25.6	7.636247347
25.8	8.345737013
26	8.145463612
26.2	6.847912506
26.4	7.197136298
26.6	7.223814532
26.8	7.179033061
27	7.376071774
27.2	7.074066541
27.4	6.37451263
27.6	6.009124521
27.8	6.622542571
28	6.074149722
28.2	5.618342538
28.4	5.564379567
28.6	5.175214148
28.8	6.005343517
29	5.41207083
29.2	5.159615767
29.4	6.139677288
29.6	5.671468908
29.8	5.301589056
30	4.666937862
30.2	4.946354024
30.4	4.701703633
30.6	4.66184552
30.8	4.625196383
31	3.929847273
31.2	4.671231182
31.4	4.517464961
31.6	4.483330501
31.8	4.539508556
32	4.170118796
32.2	4.730120499
32.4	4.430253697
32.6	4.537858166
32.8	3.774596664
33	3.721557763
33.2	4.058593619
33.4	3.925386817
33.6	4.492861886
33.8	4.115462449
34	3.738447333
34.2	4.029505033
34.4	3.872992694
34.6	4.327956592
34.8	3.927810595
35	3.928912698
35.2	3.637832909
35.4	3.559657326
35.6	3.610314246
35.8	3.985760404
36	3.558402745
36.2	3.789352041
36.4	3.396237001
36.6	3.046582692
36.8	3.557450335
37	3.342645551
37.2	3.180641533
37.4	3.462709217
37.6	3.384607438
37.8	3.097847586
38	3.564961392
38.2	3.316406453
38.4	3.361331552
38.6	2.79590402
38.8	2.992494885
39	3.155837561
39.2	3.29666564
39.4	2.995655633
39.6	3.126811804
39.8	3.52833148
40	2.823464894
40.2	2.85895178
40.4	3.144103059
40.6	3.167260548
40.8	2.423402755
41	2.94963911
41.2	2.995866023
41.4	3.115942521
41.6	2.863474795
41.8	3.111414318
42	3.107598105
42.2	3.144094873
42.4	3.092950137
42.6	2.909478797
42.8	2.775503678
43	3.316736646
43.2	3.130116348
43.4	2.721164737
43.6	2.893730142
43.8	3.316250352
44	2.96184247
44.2	2.893648542
44.4	3.117983446
44.6	3.15984818
44.8	2.84485358
45	2.921107763
45.2	2.888567076
45.4	3.137553883
45.6	2.928539521
45.8	2.94495452
46	2.618038454
46.2	2.543157955
46.4	2.80828851
46.6	2.741753468
46.8	2.79931753
47	2.801988741
47.2	3.005788275
47.4	2.980829287
47.6	3.146857909
47.8	2.476292054
48	2.647553956
48.2	2.768895479
48.4	3.066002256
48.6	2.771530152
48.8	2.960811314
49	2.768691638
49.2	2.964407503
49.4	2.778607307
49.6	2.854226419
49.8	2.845531309
50	2.665332996
50.2	2.813561333
50.4	2.614853343
50.6	2.707646951
50.8	2.678272927
51	2.694782853
51.2	2.732198093
51.4	2.962975249
51.6	2.857804853
51.8	2.500794365
52	2.743180423
52.2	2.493230145
52.4	2.564966234
52.6	2.806251145
52.8	3.031541294
53	2.865695447
53.2	2.76614425
53.4	2.972561346
53.6	2.592164965
53.8	2.70457379
54	2.752311823
54.2	2.482253158
54.4	2.551725082
54.6	2.646504158
54.8	2.409992592
55	2.449104882
55.2	2.370142832
55.4	2.253850905
55.6	2.436835228
55.8	2.542299097
56	2.393677044
56.2	2.66104134
56.4	2.500842505
56.6	2.329340531
56.8	2.360707408
57	2.451760587
57.2	2.503942915
57.4	2.481921512
57.6	2.511589102
57.8	2.618330091
58	2.398700934
58.2	2.746721353
58.4	2.48524444
58.6	2.42122897
58.8	2.513689294
59	2.438642224
59.2	2.432289195
59.4	2.567360498
59.6	2.293129228
59.8	2.367415747
60	2.354603014
60.2	2.512059615
60.4	2.432874526
60.6	2.311945649
60.8	2.249233597
61	2.403436306
61.2	2.304941678
61.4	2.511984406
61.6	2.332915255
61.8	2.56876421
62	2.325714493
62.2	2.693409053
62.4	2.58786855
62.6	2.580685073
62.8	2.419950668
63	2.572751557
63.2	2.847074038
63.4	2.422780736
63.6	2.44495039
63.8	2.484387619
64	2.681681479
64.2	2.346380395
64.4	2.476756596
64.6	2.333509486
64.8	2.135033656
65	2.524910304
65.2	2.353298068
65.4	2.28202698
65.6	2.163671357
65.8	2.098827534
66	2.131179719
66.2	2.2702215
66.4	2.194859929
66.6	2.177034787
66.8	2.089361858
67	2.272478048
67.2	2.057891901
67.4	2.239478494
67.6	2.44360423
67.8	2.238489775
68	2.020551215
68.2	2.396719704
68.4	2.235847788
68.6	2.054724096
68.8	2.155585971
69	2.257448812
69.2	2.337054896
69.4	2.399668605
69.6	2.595523554
69.8	2.550205774
70	2.576347648
70.2	2.330626961
70.4	2.210592112
70.6	2.3324877
70.8	2.072019207
71	2.237073314
71.2	2.20293758
71.4	2.230592688
71.6	2.255596857
71.8	2.233425265
72	2.154696386
72.2	2.374531628
72.4	2.315371926
72.6	2.265743539
72.8	2.235021063
73	2.47674129
73.2	2.29828255
73.4	2.243827395
73.6	2.136537442
73.8	2.276789143
74	2.098033926
74.2	2.107904705
74.4	2.224435597
74.6	2.337283108
74.8	2.400294739
75	2.457774183
75.2	2.429656671
75.4	2.226215293
75.6	2.452133823
75.8	2.32252778
76	2.139317675
76.2	2.35256207
76.4	2.291221044
76.6	2.36332205
76.8	2.353403435
77	2.45566821
77.2	2.294592539
77.4	2.508874304
77.6	2.260508436
77.8	2.250562771
78	2.163310181
78.2	2.23201662
78.4	2.194903123
78.6	2.150804009
78.8	2.216185317
79	2.150206729
79.2	2.246182209
79.4	2.10038546
79.6	2.215253624
79.8	2.045973996
80	2.142198927
80.2	1.992406805
80.4	2.154351144
80.6	2.035182375
80.8	2.127991108
81	2.091766191
81.2	2.172246609
81.4	2.226935623
81.6	2.005486966
81.8	1.971811905
82	1.95567003
82.2	1.837658974
82.4	1.856160923
82.6	1.903377118
82.8	1.883210303
83	1.931935632
83.2	1.960290704
83.4	1.79524291
83.6	1.873305746
83.8	1.938218547
84	1.894389941
84.2	1.933443757
84.4	1.943527781
84.6	1.875293565
84.8	1.974133929
85	1.966032397
85.2	1.883011689
85.4	1.720706133
85.6	1.868364769
85.8	1.934656634
86	1.820265815
86.2	1.842328077
86.4	1.791164124
86.6	1.808141219
86.8	1.88040886
87	1.900761764
87.2	1.762031994
87.4	1.629449705
87.6	1.846826298
87.8	2.019081177
88	1.642552937
88.2	1.859141717
88.4	1.739139234
88.6	1.739942832
88.8	1.574250982
89	1.66808052
89.2	1.659343246
89.4	1.782165227
89.6	1.605104781
89.8	1.698116298
90	1.74791178
90.2	1.606540842
90.4	1.596406159
90.6	1.54951737
90.8	1.658484686
91	1.704406142
91.2	1.640859865
91.4	1.529058784
91.6	1.587057086
91.8	1.78146032
92	1.614154535
92.2	1.691457756
92.4	1.657652387
92.6	1.653077505
92.8	1.661048851
93	1.643850064
93.2	1.766230574
93.4	1.632067596
93.6	1.767228479
93.8	1.751559468
94	1.770113345
94.2	1.623758531
94.4	1.744156165
94.6	1.568436005
94.8	1.817497236
95	1.670914933
95.2	1.624260648
95.4	1.698248983
95.6	1.707892564
95.8	1.692441461
96	1.626490472
96.2	1.708220077
96.4	1.687264321
96.6	1.58209175
96.8	1.658836934
97	1.569207405
97.2	1.695203649
97.4	1.73704171
97.6	1.73462998
97.8	1.678397051
98	1.643219207
98.2	1.673147253
98.4	1.788482064
98.6	1.714881816
98.8	1.88809599
99	1.776286475
99.2	1.773109439
99.4	1.833319848
99.6	1.758531717
99.8	1.769109295
100	1.95270918
100.2	1.706868073
100.4	1.934928559
100.6	2.070325828
100.8	2.005182316
101	1.887621759
101.2	1.965960048
101.4	2.152350857
101.6	1.825656467
101.8	2.156687519
102	1.958939526
102.2	1.919576604
102.4	1.917476283
102.6	1.89904068
102.8	2.040794406
103	2.033012349
103.2	2.081912638
103.4	1.985848221
103.6	2.018981181
103.8	1.993415236
104	2.032949435
104.2	1.987781182
104.4	2.107325844
104.6	1.908053173
104.8	1.917986286
105	2.0355751
105.2	1.988555998
105.4	2.164330644
105.6	2.059644667
105.8	2.088900076
106	2.089420595
106.2	2.094295607
106.4	2.24734904
106.6	2.198388172
106.8	2.062885278
107	2.303356307
107.2	2.102494319
107.4	2.072110131
107.6	2.128645792
107.8	2.134843992
108	2.122005257
108.2	2.143018805
108.4	2.190970489
108.6	2.158322135
108.8	2.059514904
109	2.172943028
109.2	2.279067954
109.4	2.304165715
109.6	2.330787928
109.8	2.195174343
110	2.443481013
110.2	2.245754679
110.4	2.010483212
110.6	2.304924333
110.8	2.198779172
111	2.126797342
111.2	2.204427887
111.4	2.127271882
111.6	2.154355784
111.8	2.050631437
112	2.104167658
112.2	2.159648047
112.4	2.04380655
112.6	2.227378393
112.8	2.212383894
113	2.214571084
113.2	2.353506364
113.4	2.287437279
113.6	2.171068329
113.8	2.254615125
114	2.276029113
114.2	2.265874467
114.4	2.406711733
114.6	2.239180928
114.8	2.431274115
115	2.278221015
115.2	2.242509001
115.4	2.325408757
115.6	2.200181162
115.8	2.195478905
116	2.276815155
116.2	2.138268086
116.4	2.084937202
116.6	2.233197007
116.8	2.034299652
117	2.019363027
117.2	2.139763157
117.4	2.113423866
117.6	2.102871015
117.8	2.173689204
118	2.176278436
118.2	2.337153784
118.4	2.264489965
118.6	2.296029353
118.8	2.201036975
119	2.080728363
119.2	2.145643865
119.4	2.165160601
119.6	2.119570945
119.8	2.061486251
120	1.993422048
120.2	1.934423028
120.4	2.159889572
120.6	1.922569217
120.8	2.116295446
121	1.957222621
121.2	1.837767554
121.4	1.951423109
121.6	1.861730972
121.8	2.007052989
122	1.994636558
122.2	1.877981878
122.4	1.952191839
122.6	1.968245758
122.8	1.942115295
123	1.995765934
123.2	1.973479648
123.4	1.93891707
123.6	1.986374586
123.8	1.984661154
124	1.838417424
124.2	1.916378495
124.4	1.850876329
124.6	1.799827011
124.8	1.829882274
125	1.934867064
125.2	1.983418968
125.4	1.797207349
125.6	1.859815236
125.8	1.846375298
126	1.93656437
126.2	1.887323422
126.4	1.833890283
126.6	1.863730194
126.8	1.923536265
127	2.034614802
127.2	1.935636904
127.4	1.8963431
127.6	1.887547005
127.8	1.893013926
128	1.920053738
128.2	1.859444467
128.4	1.915604922
128.6	1.94487501
128.8	2.056948773
129	1.86041588
129.2	1.926982804
129.4	2.022394343
129.6	1.793284196
129.8	1.827031688
130	1.915811841
130.2	1.843158337
130.4	1.874954485
130.6	1.945638847
130.8	1.869300008
131	1.749652344
131.2	1.904500295
131.4	1.904710918
131.6	1.953601665
131.8	1.7333779
132	1.843645742
132.2	1.776208392
132.4	1.817076491
132.6	1.80621935
132.8	1.738690637
133	1.895193432
133.2	1.946059629
133.4	1.904703057
133.6	1.854834299
133.8	1.96054924
134	1.901576065
134.2	1.872043242
134.4	1.908474854
134.6	2.001816232
134.8	1.910948975
135	1.966083919
135.2	1.786864364
135.4	1.848025334
135.6	1.81308381
135.8	1.729572883
136	1.70617843
136.2	1.79234704
136.4	1.86611818
136.6	1.736904059
136.8	1.715449294
137	1.823045849
137.2	1.897950489
137.4	1.851444553
137.6	1.78984765
137.8	1.858217536
138	1.801892021
138.2	1.898277885
138.4	1.849851991
138.6	1.975493518
138.8	1.925484633
139	1.888921709
139.2	2.030574831
139.4	1.853316771
139.6	1.936000872
139.8	1.938616694
140	2.007926039
140.2	1.976021139
140.4	1.896930384
140.6	2.065525882
140.8	1.974783613
141	1.959264864
141.2	2.224157617
141.4	1.99674069
141.6	2.029119552
141.8	1.969902043
142	1.91535391
142.2	2.030813632
142.4	2.081051123
142.6	2.097307105
142.8	2.02791004
143	2.061743166
143.2	2.062393402
143.4	2.096976792
143.6	2.049084447
143.8	1.940641034
144	1.898367199
144.2	2.012813617
144.4	2.032160481
144.6	2.178402394
144.8	2.043931612
145	2.157943205
145.2	2.228293059
145.4	2.1268877
145.6	2.05280013
145.8	2.110013304
146	2.18770613
146.2	2.216114757
146.4	2.237694897
146.6	1.955694169
146.8	2.229713053
147	2.199167081
147.2	2.233432747
147.4	2.056439519
147.6	2.16456463
147.8	2.171487624
148	2.045536685
148.2	2.20817794
148.4	2.223716052
148.6	2.262318385
148.8	2.128990147
149	2.116380053
149.2	2.147291314
149.4	2.23581893
149.6	2.380171
149.8	2.200455032
150	2.412547842
150.2	2.373525094
150.4	2.132705955
150.6	2.210436017
150.8	2.26744461
151	2.347286776
151.2	2.176714268
151.4	2.252757096
151.6	2.156525992
151.8	2.213473507
152	2.260409574
152.2	2.212030195
152.4	1.983225219
152.6	2.139737332
152.8	2.047404038
153	2.08439918
153.2	1.948040409
153.4	2.010843479
153.6	2.088748252
153.8	1.891067613
154	1.717694895
154.2	1.818021108
154.4	1.825973282
154.6	1.850114185
154.8	1.763481132
155	1.776566972
155.2	1.797492359
155.4	1.687165801
155.6	1.79397825
155.8	1.644020871
156	1.730324502
156.2	1.749493606
156.4	1.72814041
156.6	1.694779085
156.8	1.64108362
157	1.626378883
157.2	1.591648521
157.4	1.675470366
157.6	1.700729093
157.8	1.612902148
158	1.615186735
158.2	1.591993331
158.4	1.654402551
158.6	1.706755795
158.8	1.654731994
159	1.584347103
159.2	1.697043947
159.4	1.553492278
159.6	1.619594253
159.8	1.601240964
160	1.586652216
160.2	1.578834043
160.4	1.467365095
160.6	1.652666958
160.8	1.571709109
161	1.649523393
161.2	1.560105499
161.4	1.603808719
161.6	1.52326182
161.8	1.534978094
162	1.565451264
162.2	1.554477917
162.4	1.59601262
162.6	1.660491329
162.8	1.561577666
163	1.556840919
163.2	1.60436023
163.4	1.546834839
163.6	1.629899147
163.8	1.587485675
164	1.54830315
164.2	1.628961973
164.4	1.579576747
164.6	1.666876044
164.8	1.70534027
165	1.664173009
165.2	1.670719749
165.4	1.656318718
165.6	1.781995879
165.8	1.571312276
166	1.77036668
166.2	1.681015384
166.4	1.589412016
166.6	1.645232263
166.8	1.559888928
167	1.61763643
167.2	1.634801448
167.4	1.611547115
167.6	1.672237755
167.8	1.689148962
168	1.57629617
168.2	1.530504757
168.4	1.535688828
168.6	1.513902866
168.8	1.601178764
169	1.61059081
169.2	1.594853305
169.4	1.51713519
169.6	1.576062662
169.8	1.521728058
170	1.685204286
170.2	1.588643073
170.4	1.58169604
170.6	1.519901144
170.8	1.521539453
171	1.57691778
171.2	1.586268281
171.4	1.63229733
171.6	1.487404375
171.8	1.536498129
172	1.516928645
172.2	1.605998149
172.4	1.530947636
172.6	1.583799839
172.8	1.426324131
173	1.412961964
173.2	1.439689419
173.4	1.421117689
173.6	1.407496268
173.8	1.420912032
174	1.415655743
174.2	1.414178248
174.4	1.411393642
174.6	1.38077145
174.8	1.357882484
175	1.401604401
175.2	1.399121587
175.4	1.324337137
175.6	1.501092772
175.8	1.33110092
176	1.442193333
176.2	1.384155425
176.4	1.465234006
176.6	1.381622853
176.8	1.471717304
177	1.436993538
177.2	1.371448346
177.4	1.432235549
177.6	1.461712899
177.8	1.395774001
178	1.325372229
178.2	1.399700668
178.4	1.523204276
178.6	1.366179178
178.8	1.465786046
179	1.490417862
179.2	1.405774984
179.4	1.500407895
179.6	1.391004497
179.8	1.448174429
180	1.412621408
180.2	1.401537445
180.4	1.32000506
180.6	1.341191617
180.8	1.428064816
181	1.42436544
181.2	1.474155815
181.4	1.485694967
181.6	1.418908823
181.8	1.524974767
182	1.54124613
182.2	1.489488717
182.4	1.481985618
182.6	1.514438678
182.8	1.473774735
183	1.615913857
183.2	1.604712239
183.4	1.548517419
183.6	1.497076379
183.8	1.511630305
184	1.639309516
184.2	1.586193669
184.4	1.557087181
184.6	1.653968067
184.8	1.552890459
185	1.534461617
185.2	1.556051235
185.4	1.650214009
185.6	1.608690566
185.8	1.609149534
186	1.616506144
186.2	1.608545982
186.4	1.614653236
186.6	1.649898937
186.8	1.680616936
187	1.642101256
187.2	1.654783081
187.4	1.653262308
187.6	1.657532045
187.8	1.714106352
188	1.66374831
188.2	1.638988931
188.4	1.720672195
188.6	1.709448325
188.8	1.657358592
189	1.715528316
189.2	1.632634432
189.4	1.777642539
189.6	1.671663591
189.8	1.702921846
190	1.784916223
190.2	1.773669232
190.4	1.790155143
190.6	1.73652856
190.8	1.83205846
191	1.640563324
191.2	1.729732231
191.4	1.703241694
191.6	1.722286776
191.8	1.755310891
192	1.737806173
192.2	1.719418134
192.4	1.662953811
192.6	1.648593679
192.8	1.823107998
193	1.587620757
193.2	1.557691264
193.4	1.689111427
193.6	1.559165672
193.8	1.592087618
194	1.685978602
194.2	1.544465131
194.4	1.578905836
194.6	1.623228422
194.8	1.577346775
195	1.591203564
195.2	1.63865658
195.4	1.646606724
195.6	1.581244586
195.8	1.595346679
196	1.629858967
196.2	1.648238651
196.4	1.668153341
196.6	1.576404085
196.8	1.643679528
197	1.550173284
197.2	1.684165181
197.4	1.608305471
197.6	1.703718841
197.8	1.653386612
198	1.66988041
198.2	1.715649117
198.4	1.661942883
198.6	1.670701222
198.8	1.644247516
199	1.667109023
199.2	1.626423389
199.4	1.725536286
199.6	1.699607557
199.8	1.662816762
200	1.667777065
200.2	1.796984395
200.4	1.675641266
200.6	1.661491179
200.8	1.675871412
201	1.686784601
201.2	1.627774492
201.4	1.639885374
201.6	1.655285046
201.8	1.704662716
202	1.656130451
202.2	1.744738307
202.4	1.79376307
202.6	1.677340023
202.8	1.70720331
203	1.728756629
203.2	1.687193112
203.4	1.669003339
203.6	1.784818188
203.8	1.787470324
204	1.728032173
204.2	1.70432136
204.4	1.722508601
204.6	1.720936646
204.8	1.776324173
205	1.756833077
205.2	1.706166462
205.4	1.727418505
205.6	1.732028873
205.8	1.809050464
206	1.66016305
206.2	1.604797399
206.4	1.699473852
206.6	1.664302378
206.8	1.766780106
207	1.695678218
207.2	1.655782956
207.4	1.66554486
207.6	1.628120493
207.8	1.663013767
208	1.682114551
208.2	1.634919123
208.4	1.56982403
208.6	1.704149622
208.8	1.709955027
209	1.645321557
209.2	1.689911953
209.4	1.651120333
209.6	1.588374902
209.8	1.651803533
210	1.697055979
210.2	1.647228625
210.4	1.680681398
210.6	1.65984128
210.8	1.660868221
211	1.728038794
211.2	1.773489793
211.4	1.750192644
211.6	1.770868912
211.8	1.666381877
212	1.681650483
212.2	1.674256954
212.4	1.813082578
212.6	1.727733343
212.8	1.754551562
213	1.776598596
213.2	1.722435503
213.4	1.727493304
213.6	1.791369684
213.8	1.686340173
214	1.779423204
214.2	1.79359312
214.4	1.802508858
214.6	1.787472208
214.8	1.730398032
215	1.755175135
215.2	1.786354588
215.4	1.681124544
215.6	1.755394514
215.8	1.692163377
216	1.803857183
216.2	1.734812625
216.4	1.719641596
216.6	1.745853903
216.8	1.807326251
217	1.796980184
217.2	1.855659063
217.4	1.787000864
217.6	1.751965341
217.8	1.803308983
218	1.865995644
218.2	1.777205849
218.4	1.779322686
218.6	1.832722351
218.8	1.877736255
219	1.81056684
219.2	1.850499007
219.4	1.843373657
219.6	1.822357533
219.8	1.866059407
220	1.764782195
220.2	1.849356805
220.4	1.912027867
220.6	1.817325738
220.8	1.873663772
221	1.788302852
221.2	1.854325505
221.4	1.870155334
221.6	2.107078849
221.8	1.933658368
222	2.004024033
222.2	1.915326915
222.4	1.918020577
222.6	1.877545241
222.8	1.914142311
223	1.888158638
223.2	1.810733796
223.4	1.95806726
223.6	1.893762073
223.8	2.012559602
224	1.995975468
224.2	2.044141902
224.4	1.886960357
224.6	1.920658042
224.8	1.987397913
225	1.911989901
225.2	2.120506417
225.4	1.980908378
225.6	2.081531553
225.8	2.021575404
226	1.999076265
226.2	2.031929652
226.4	1.967805438
226.6	2.00307198
226.8	2.057968045
227	1.993617291
227.2	1.999724931
227.4	2.037583279
227.6	2.046095848
227.8	2.027600214
228	2.006219693
228.2	1.890417527
228.4	1.903374421
228.6	2.040319984
228.8	1.861481238
229	2.042993135
229.2	1.936766947
229.4	1.923793509
229.6	1.963306387
229.8	1.965853245
230	1.989979761
230.2	1.964836207
230.4	2.046221645
230.6	2.0789548
230.8	2.110941327
231	2.061168579
231.2	1.971631743
231.4	2.090509186
231.6	2.102600774
231.8	2.064892683
232	2.074991421
232.2	2.007189987
232.4	2.222630752
232.6	2.164161929
232.8	2.054530741
233	1.946274321
233.2	2.116172788
233.4	2.040254402
233.6	1.914354082
233.8	2.012415465
234	1.851612505
234.2	1.922723526
234.4	1.920021548
234.6	1.892590782
234.8	1.881564901
235	1.976726296
235.2	1.826139947
235.4	1.826447326
235.6	1.880971025
235.8	1.768074363
236	1.846607578
236.2	1.857742852
236.4	1.845565631
236.6	1.855967167
236.8	1.901636297
237	1.910675789
237.2	1.88338289
237.4	1.902699083
237.6	1.942723199
237.8	1.896049996
238	1.934274586
238.2	1.850291535
238.4	1.80462849
238.6	1.780711789
238.8	1.888966841
239	1.875608488
239.2	1.882141902
239.4	1.873436721
239.6	1.84864701
239.8	1.829170704
240	1.782856767
240.2	1.85087308
240.4	1.845841917
240.6	1.816744053
240.8	1.803543281
241	1.789316318
241.2	1.909736903
241.4	1.760118335
241.6	1.808332592
241.8	1.822163052
242	1.732871237
242.2	1.684602343
242.4	1.792818904
242.6	1.730908097
242.8	1.709645134
243	1.731141364
243.2	1.795732327
243.4	1.76553983
243.6	1.725659028
243.8	1.683268148
244	1.720304931
244.2	1.704246927
244.4	1.708972049
244.6	1.74970556
244.8	1.731595893
245	1.703521372
245.2	1.702331077
245.4	1.613999613
245.6	1.685728785
245.8	1.613572696
246	1.678404014
246.2	1.718098798
246.4	1.828569761
246.6	1.745061309
246.8	1.80624125
247	1.699777763
247.2	1.670003666
247.4	1.703755211
247.6	1.746935446
247.8	1.837755094
248	1.784361286
248.2	1.735747703
248.4	1.766252695
248.6	1.910251825
248.8	1.806222868
249	1.788723469
249.2	1.85683127
249.4	1.874958094
249.6	1.661395343
249.8	1.801118689
250	1.708028365
250.2	1.727767053
250.4	1.757363314
250.6	1.681382599
250.8	1.724860109
251	1.750945856
251.2	1.657402356
251.4	1.655632163
251.6	1.78283975
251.8	1.680971202
252	1.809424997
252.2	1.741033034
252.4	1.785860768
252.6	1.744426214
252.8	1.645880666
253	1.751361047
253.2	1.685698003
253.4	1.750215976
253.6	1.82771461
253.8	1.789383787
254	1.788083874
254.2	1.754874324
254.4	1.848183042
254.6	1.807795874
254.8	1.829441415
255	1.843852506
255.2	1.804427529
255.4	1.836133199
255.6	1.809311693
255.8	1.85489988
256	1.798154808
256.2	1.688550803
256.4	1.733319205
256.6	1.812261098
256.8	1.793113568
257	1.847087275
257.2	1.928370285
257.4	1.882577393
257.6	1.828734834
257.8	1.790152516
258	1.86152226
258.2	1.755919892
258.4	1.844772987
258.6	1.788111899
258.8	1.858644094
259	1.93096801
259.2	1.844882935
259.4	1.822312406
259.6	1.939354663
259.8	1.927186894
260	1.811148031
260.2	1.824979767
260.4	1.882580882
260.6	1.919473371
260.8	1.942611516
261	1.978007218
261.2	1.970952195
261.4	1.958578101
261.6	1.980546828
261.8	1.99853861
262	2.115196809
262.2	2.144004319
262.4	2.069751376
262.6	2.132351389
262.8	2.175806175
263	2.186491949
263.2	2.069858304
263.4	2.098747612
263.6	2.16883867
263.8	2.147454684
264	2.130141623
264.2	2.109329635
264.4	2.101582292
264.6	2.040751879
264.8	2.275387664
265	2.256430666
265.2	2.116665638
265.4	2.304135394
265.6	2.183753302
265.8	2.126628041
266	2.053599317
266.2	2.067027491
266.4	2.236058825
266.6	2.054540298
266.8	2.098432426
267	2.14267261
267.2	2.100489603
267.4	2.100087028
267.6	2.11879702
267.8	2.167745686
268	2.160944971
268.2	2.21334974
268.4	2.329326123
268.6	2.366305309
268.8	2.395587804
269	2.510525252
269.2	2.308912136
269.4	2.309035424
269.6	2.412376047
269.8	2.495014054
270	2.487500915
270.2	2.486886508
270.4	2.35289911
270.6	2.385614764
270.8	2.333442631
271	2.36050541
271.2	2.30095942
271.4	2.22107003
271.6	2.346470152
271.8	2.232397507
272	2.344278952
272.2	2.301913636
272.4	2.199049247
272.6	2.275196746
272.8	2.145131648
273	2.244879423
273.2	2.126847544
273.4	2.053405195
273.6	2.028104334
273.8	2.064882287
274	1.935575189
274.2	1.933291849
274.4	2.00980482
274.6	1.924729251
274.8	1.999795059
275	2.094755004
275.2	1.998945407
275.4	2.061117559
275.6	2.144326282
275.8	1.983495523
276	2.050076155
276.2	2.017073197
276.4	2.048113108
276.6	2.130795499
276.8	2.020844651
277	1.995824809
277.2	2.104188163
277.4	2.054873585
277.6	2.081277622
277.8	2.054575451
278	1.929685769
278.2	2.071036995
278.4	2.026207919
278.6	2.067219487
278.8	2.03943155
279	2.116474359
279.2	2.020559568
279.4	1.996496452
279.6	1.944938635
279.8	1.953450315
280	2.031971998
280.2	2.025558941
280.4	1.991497734
280.6	1.999840136
280.8	2.009707716
281	2.160429951
281.2	2.04531157
281.4	2.046443628
281.6	2.147876345
281.8	2.164327368
282	1.96152112
282.2	2.085366776
282.4	2.036794154
282.6	1.96560892
282.8	2.020909267
283	2.061827397
283.2	2.012985356
283.4	2.081490504
283.6	1.894138735
283.8	1.923458407
284	1.989278745
284.2	2.053202271
284.4	2.153180095
284.6	2.034101289
284.8	2.020619646
285	1.986712783
285.2	2.041781636
285.4	1.935377269
285.6	2.036814989
285.8	2.084512117
286	1.961729348
286.2	2.11334586
286.4	1.934121513
286.6	1.85509088
286.8	1.927625643
287	1.802248597
287.2	1.912716276
287.4	1.922677236
287.6	1.832751035
287.8	1.824986626
288	1.898847194
288.2	1.811942805
288.4	1.913232207
288.6	1.865025857
288.8	1.817959624
289	1.971849125
289.2	1.800418041
289.4	1.849906445
289.6	1.82921832
289.8	1.826515393
290	1.794066625
290.2	1.864144798
290.4	1.798659993
290.6	1.763809769
290.8	1.814082492
291	1.813952799
291.2	1.784281641
291.4	1.828720774
291.6	1.771471641
291.8	1.751446411
292	1.800828481
292.2	1.666837128
292.4	1.882214678
292.6	1.815723761
292.8	1.743195415
293	1.779495117
293.2	1.849861715
293.4	1.820790892
293.6	1.857348292
293.8	1.843463598
294	1.899842799
294.2	1.847188906
294.4	1.826485061
294.6	1.871415035
294.8	1.884700271
295	1.898859165
295.2	1.95512837
295.4	1.846604557
295.6	1.873476528
295.8	1.813109018
296	1.993923316
296.2	1.92226178
296.4	1.907765835
296.6	1.932380625
296.8	1.992541123
297	1.935927975
297.2	1.994890618
297.4	2.016502246
297.6	1.905591514
297.8	1.994140045
298	1.957101238
298.2	2.013526466
298.4	1.950753182
298.6	1.978715236
298.8	1.966368538
299	1.93962277
299.2	2.027152013
299.4	2.038795819
299.6	2.030663286
299.8	1.963312454
300	1.974384606
300.2	2.045180779
300.4	1.986467658
300.6	2.015726398
300.8	1.978286727
301	1.923858091
301.2	1.971586917
301.4	1.89667435
301.6	2.051812271
301.8	2.002420739
302	1.958240496
302.2	1.87282569
302.4	1.992350661
302.6	1.977912726
302.8	1.97432071
303	1.964967345
303.2	2.00097313
303.4	1.954468236
303.6	1.877734194
303.8	1.924880539
304	1.880496606
304.2	1.942867982
304.4	1.905495163
304.6	1.86126424
304.8	1.791495816
305	1.819129854
305.2	1.800336482
305.4	1.814510008
305.6	1.856097012
305.8	1.845730633
306	1.857224607
306.2	1.862990582
306.4	1.831982766
306.6	1.757881611
306.8	1.903474585
307	1.828898914
307.2	1.813033637
307.4	1.907098897
307.6	1.786179017
307.8	1.816988364
308	1.776428114
308.2	1.791638927
308.4	1.740010611
308.6	1.889919442
308.8	1.834417656
309	1.730952868
309.2	1.821467362
309.4	1.847514759
309.6	1.854222683
309.8	1.822451605
310	1.767355641
310.2	1.786071671
310.4	1.868962362
310.6	2.056154736
310.8	2.167895388
311	2.159639345
311.2	2.174457244
311.4	2.078067427
311.6	2.150660161
311.8	2.254373469
312	2.254201482
312.2	2.172266954
312.4	2.118374469
312.6	2.057806792
312.8	2.101374553
313	1.993415673
313.2	2.082593768
313.4	1.988308242
313.6	1.986614462
313.8	1.881574063
314	1.934334762
314.2	1.840034508
314.4	1.876292275
314.6	1.912796525
314.8	1.910552371
315	1.818838543
315.2	1.827406827
315.4	1.908391435
315.6	1.923028291
315.8	1.875023734
316	1.926485235
316.2	1.856667186
316.4	1.898200036
316.6	1.919877962
316.8	1.872480802
317	1.840483352
317.2	1.788174717
317.4	1.869874863
317.6	1.857087271
317.8	1.895505305
318	1.769787342
318.2	1.795499088
318.4	1.810336463
318.6	1.886837612
318.8	1.837182453
319	1.910176259
319.2	1.891302681
319.4	1.890729467
319.6	1.914672968
319.8	1.856683738
320	1.892441185
320.2	1.887195485
320.4	1.842228239
320.6	1.808564409
320.8	1.798764998
321	1.748743785
321.2	1.876508652
321.4	1.839696013
321.6	1.864047858
321.8	1.883708768
322	1.856973566
322.2	1.827946648
322.4	1.855851437
322.6	1.83500724
322.8	1.807482048
323	1.946769567
323.2	1.982543614
323.4	1.918088383
323.6	1.926172161
323.8	1.947653736
324	1.936432682
324.2	1.924504258
324.4	1.955379045
324.6	2.032502271
324.8	1.95319486
325	1.933190543
325.2	1.920047274
325.4	1.918176468
325.6	2.023051022
325.8	1.997282813
326	1.924985723
326.2	2.025246397
326.4	2.028505201
326.6	1.958150802
326.8	1.950260386
327	2.094181738
327.2	1.996425527
327.4	1.99026638
327.6	1.950195327
327.8	1.999955116
328	1.978281707
328.2	1.960049882
328.4	1.996474062
328.6	2.031876703
328.8	1.944869355
329	1.932285054
329.2	1.99351665
329.4	2.005805474
329.6	1.964847252
329.8	2.056780519
330	1.976258969
330.2	2.035174507
330.4	1.963023423
330.6	1.979302372
330.8	2.040686779
331	1.928325225
331.2	1.948713198
331.4	1.935938074
331.6	1.922364691
331.8	2.034552858
332	1.922123509
332.2	1.938102574
332.4	1.983279475
332.6	1.988066253
332.8	1.988514154
333	1.964717594
333.2	1.999893599
333.4	1.995133663
333.6	1.975536777
333.8	2.001083087
334	2.02071026
334.2	2.008935193
334.4	2.05753569
334.6	1.936084873
334.8	1.925128359
335	1.97561112
335.2	1.943208315
335.4	1.982792253
335.6	1.984496814
335.8	1.9959432
336	1.919432172
336.2	1.876207135
336.4	1.925818802
336.6	1.956561618
336.8	1.964399455
337	1.985593615
337.2	1.931179517
337.4	1.928084331
337.6	1.972984976
337.8	1.950993357
338	1.933176091
338.2	1.996899657
338.4	1.925401898
338.6	1.969854438
338.8	1.978595809
339	1.94840039
339.2	1.958768338
339.4	1.949319075
339.6	1.972180692
339.8	1.938048263
340	1.832117899
340.2	1.877768429
340.4	1.971375784
340.6	1.858056339
340.8	1.931095726
341	1.928952352
341.2	1.910590386
341.4	1.930893218
341.6	1.960142207
341.8	2.111945737
342	2.124314771
342.2	2.073580091
342.4	2.083801379
342.6	2.042338587
342.8	2.113624086
343	2.153227142
343.2	2.081485184
343.4	2.050085105
343.6	2.055264043
343.8	2.068235581
344	2.128938437
344.2	2.077609184
344.4	2.11288655
344.6	2.056705314
344.8	2.046652109
345	2.006704421
345.2	1.977406964
345.4	2.065699378
345.6	2.122049007
345.8	2.069416647
346	2.021910839
346.2	2.078042537
346.4	1.998131062
346.6	2.067763557
346.8	2.059146055
347	2.002298893
347.2	2.01849381
347.4	2.019511573
347.6	1.961795103
347.8	1.960318485
348	2.05963441
348.2	2.052559725
348.4	1.91089532
348.6	1.953213326
348.8	1.982154924
349	1.995748186
349.2	2.014996839
349.4	1.876684943
349.6	1.994874464
349.8	1.946204201
350	1.937491377
350.2	1.888106414
350.4	2.083923064
350.6	1.991373724
350.8	1.980008244
351	2.000779703
351.2	2.07738489
351.4	1.951526329
351.6	1.956036938
351.8	2.02316238
352	1.955063193
352.2	1.921943356
352.4	1.882364624
352.6	1.905629673
352.8	1.843614047
353	1.831438091
353.2	1.839118899
353.4	1.87862208
353.6	1.777779545
353.8	1.821386492
354	1.799586854
354.2	1.833501285
354.4	1.811114099
354.6	1.787408235
354.8	1.840366908
355	1.81384233
355.2	1.832527473
355.4	1.811249663
355.6	1.860835938
355.8	1.860609584
356	1.84240714
356.2	1.878460862
356.4	1.91605188
356.6	1.937180563
356.8	1.938848844
357	1.928807711
357.2	1.970270567
357.4	2.00044649
357.6	2.029277112
357.8	2.033916213
358	2.060201136
358.2	2.096909112
358.4	2.053592487
358.6	2.064215025
358.8	2.143316134
359	2.138019542
359.2	2.221023522
359.4	2.290388839
359.6	2.408703962
359.8	2.554687954
360	2.403523173
360.2	2.387080147
360.4	2.381782217
360.6	2.482219589
360.8	2.483063573
361	2.37767058
361.2	2.433417135
361.4	2.3731777
361.6	2.394694863
361.8	2.414552783
362	2.465065438
362.2	2.396289199
362.4	2.489948902
362.6	2.47503024
362.8	2.43918907
363	2.469692271
363.2	2.473514894
363.4	2.403738386
363.6	2.428357323
363.8	2.427730463
364	2.471292563
364.2	2.435888274
364.4	2.424482656
364.6	2.483659679
364.8	2.430183532
365	2.340056932
365.2	2.391965401
365.4	2.440409389
365.6	2.388312874
365.8	2.387145442
366	2.38570364
366.2	2.446254417
366.4	2.40621063
366.6	2.393400435
366.8	2.437064652
367	2.452397612
367.2	2.468102357
367.4	2.480519265
367.6	2.489361456
367.8	2.49160596
368	2.54661442
368.2	2.493547709
368.4	2.496964876
368.6	2.497562013
368.8	2.486828782
369	2.607583249
369.2	2.520824678
369.4	2.476837312
369.6	2.452227895
369.8	2.420967926
370	2.46696589
370.2	2.526167738
370.4	2.482531502
370.6	2.659112593
370.8	2.618675234
371	2.591208359
371.2	2.569009841
371.4	2.60575075
371.6	2.63766855
371.8	2.578951109
372	2.566721398
372.2	2.694436891
372.4	2.583036381
372.6	2.555688473
372.8	2.55800905
373	2.531448746
373.2	2.65589121
373.4	2.494890013
373.6	2.562988654
373.8	2.440252281
374	2.590822848
374.2	2.60031121
374.4	2.628173203
374.6	2.64887924
374.8	2.686102207
375	2.632735013
375.2	2.61255285
375.4	2.762322635
375.6	2.74166073
375.8	2.633320275
376	2.799336569
376.2	2.628595353
376.4	2.80664619
376.6	2.803226326
376.8	2.698278059
377	2.741338001
377.2	2.841622783
377.4	2.792806867
377.6	2.937397345
377.8	2.894287989
378	2.894728596
378.2	2.950021115
378.4	2.947279605
378.6	2.944210673
378.8	2.925511763
379	2.966097531
379.2	2.947721822
379.4	3.046705511
379.6	2.93682662
379.8	2.998574048
380	2.981411734
380.2	3.016092748
380.4	3.180855324
380.6	3.086995823
380.8	3.026589601
381	3.123578886
381.2	3.09111583
381.4	3.047935762
381.6	3.054931736
381.8	3.167619833
382	2.995308316
382.2	3.203324567
382.4	3.192336694
382.6	3.280766191
382.8	3.29421619
383	3.357677934
383.2	3.292101239
383.4	3.231691095
383.6	3.175367004
383.8	3.227025853
384	3.180590208
384.2	3.191281212
384.4	3.266723089
384.6	3.272019972
384.8	3.110064865
385	3.161156531
385.2	3.124943234
385.4	3.025165137
385.6	3.111440978
385.8	3.142487507
386	3.126295278
386.2	3.191093823
386.4	3.111351417
386.6	3.13353461
386.8	3.12879491
387	3.20452368
387.2	3.202862971
387.4	3.166666774
387.6	3.103144117
387.8	3.260004254
388	3.188055567
388.2	3.289415329
388.4	3.12095059
388.6	3.135442857
388.8	3.088771809
389	3.189062619
389.2	3.29134921
389.4	3.238758328
389.6	3.222706599
389.8	3.327115676
390	3.262714002
390.2	3.281119544
390.4	3.263819804
390.6	3.069325989
390.8	3.2855365
391	3.126032976
391.2	3.147502863
391.4	3.133907868
391.6	3.119362375
391.8	3.32601822
392	3.276611784
392.2	3.202960561
392.4	3.090815338
392.6	3.150803523
392.8	3.002802827
393	3.129747032
393.2	2.964172111
393.4	2.877447012
393.6	2.943574467
393.8	2.968450365
394	2.823379172
394.2	2.900887409
394.4	2.944175764
394.6	2.895108752
394.8	2.909782911
395	2.942290938
395.2	2.989372965
395.4	2.925699954
395.6	2.829948697
395.8	2.881816434
396	2.960031231
396.2	2.883209437
396.4	2.860131425
396.6	3.05905485
396.8	3.005832033
397	3.036709766
397.2	2.945264696
397.4	3.068705316
397.6	3.135098369
397.8	2.974087926
398	3.11600372
398.2	3.025117443
398.4	3.162133773
398.6	3.044161666
398.8	3.295016936
399	3.346018383
399.2	3.155373662
399.4	3.459780108
399.6	3.641347243
399.8	3.561383539
400	5.078514967
