ISHOT = 31885


time = 0.100

I, R(m), Z(m)

   1  1.267  0.089
   2  1.266  0.086
   3  1.263  0.057
   4  1.263  0.027
   5  1.265 -0.002
   6  1.267 -0.016
   7  1.268 -0.031
   8  1.274 -0.060
   9  1.282 -0.090
  10  1.284 -0.093
  11  1.293 -0.119
  12  1.301 -0.139
  13  1.305 -0.148
  14  1.318 -0.174
  15  1.320 -0.177
  16  1.336 -0.202
  17  1.339 -0.206
  18  1.353 -0.225
  19  1.362 -0.236
  20  1.370 -0.245
  21  1.387 -0.263
  22  1.389 -0.265
  23  1.405 -0.279
  24  1.422 -0.294
  25  1.422 -0.295
  26  1.439 -0.309
  27  1.456 -0.323
  28  1.457 -0.324
  29  1.474 -0.338
  30  1.491 -0.352
  31  1.492 -0.353
  32  1.508 -0.367
  33  1.526 -0.380
  34  1.529 -0.382
  35  1.543 -0.392
  36  1.560 -0.398
  37  1.578 -0.399
  38  1.595 -0.395
  39  1.612 -0.389
  40  1.629 -0.383
  41  1.631 -0.382
  42  1.647 -0.376
  43  1.664 -0.370
  44  1.681 -0.363
  45  1.698 -0.356
  46  1.708 -0.353
  47  1.716 -0.350
  48  1.733 -0.343
  49  1.750 -0.336
  50  1.768 -0.328
  51  1.778 -0.323
  52  1.785 -0.320
  53  1.802 -0.310
  54  1.819 -0.300
  55  1.827 -0.294
  56  1.837 -0.287
  57  1.854 -0.273
  58  1.863 -0.265
  59  1.871 -0.257
  60  1.888 -0.238
  61  1.890 -0.236
  62  1.906 -0.215
  63  1.912 -0.206
  64  1.923 -0.188
  65  1.929 -0.177
  66  1.940 -0.154
  67  1.943 -0.148
  68  1.955 -0.119
  69  1.958 -0.109
  70  1.964 -0.090
  71  1.970 -0.060
  72  1.974 -0.031
  73  1.975 -0.025
  74  1.977 -0.002
  75  1.977  0.027
  76  1.975  0.054
  77  1.975  0.057
  78  1.971  0.086
  79  1.964  0.115
  80  1.958  0.137
  81  1.955  0.144
  82  1.944  0.174
  83  1.940  0.182
  84  1.930  0.203
  85  1.923  0.215
  86  1.913  0.232
  87  1.906  0.243
  88  1.892  0.261
  89  1.888  0.266
  90  1.871  0.286
  91  1.867  0.290
  92  1.854  0.304
  93  1.837  0.319
  94  1.836  0.320
  95  1.819  0.333
  96  1.802  0.345
  97  1.796  0.349
  98  1.785  0.356
  99  1.768  0.365
 100  1.750  0.373
 101  1.738  0.378
 102  1.733  0.380
 103  1.716  0.386
 104  1.698  0.391
 105  1.681  0.395
 106  1.664  0.398
 107  1.647  0.400
 108  1.629  0.401
 109  1.612  0.401
 110  1.595  0.401
 111  1.578  0.399
 112  1.560  0.397
 113  1.543  0.393
 114  1.526  0.389
 115  1.508  0.384
 116  1.493  0.378
 117  1.491  0.377
 118  1.474  0.370
 119  1.457  0.362
 120  1.439  0.352
 121  1.434  0.349
 122  1.422  0.341
 123  1.405  0.329
 124  1.393  0.320
 125  1.387  0.315
 126  1.370  0.299
 127  1.362  0.290
 128  1.353  0.281
 129  1.337  0.261
 130  1.336  0.260
 131  1.318  0.234
 132  1.317  0.232
 133  1.301  0.203
 134  1.301  0.203
 135  1.288  0.174
 136  1.284  0.161
 137  1.278  0.144
 138  1.271  0.115
 139  1.267  0.089

time = 0.307

I, R(m), Z(m)

   1  1.287  0.108
   2  1.281  0.088
   3  1.275  0.059
   4  1.271  0.031
   5  1.270  0.002
   6  1.271 -0.026
   7  1.274 -0.055
   8  1.279 -0.083
   9  1.287 -0.112
  10  1.287 -0.114
  11  1.296 -0.140
  12  1.305 -0.162
  13  1.308 -0.169
  14  1.322 -0.197
  15  1.323 -0.198
  16  1.339 -0.226
  17  1.340 -0.227
  18  1.358 -0.250
  19  1.361 -0.254
  20  1.375 -0.270
  21  1.387 -0.283
  22  1.393 -0.288
  23  1.410 -0.304
  24  1.418 -0.311
  25  1.428 -0.320
  26  1.446 -0.335
  27  1.451 -0.340
  28  1.463 -0.350
  29  1.481 -0.366
  30  1.483 -0.368
  31  1.498 -0.383
  32  1.513 -0.397
  33  1.516 -0.401
  34  1.533 -0.421
  35  1.539 -0.425
  36  1.551 -0.448
  37  1.569 -0.453
  38  1.586 -0.443
  39  1.604 -0.429
  40  1.609 -0.425
  41  1.621 -0.419
  42  1.639 -0.410
  43  1.656 -0.401
  44  1.666 -0.397
  45  1.674 -0.393
  46  1.692 -0.386
  47  1.709 -0.379
  48  1.727 -0.372
  49  1.736 -0.368
  50  1.744 -0.365
  51  1.762 -0.357
  52  1.779 -0.350
  53  1.797 -0.341
  54  1.799 -0.340
  55  1.815 -0.331
  56  1.832 -0.320
  57  1.845 -0.311
  58  1.850 -0.307
  59  1.867 -0.293
  60  1.878 -0.283
  61  1.885 -0.276
  62  1.902 -0.256
  63  1.904 -0.254
  64  1.920 -0.232
  65  1.924 -0.226
  66  1.938 -0.203
  67  1.941 -0.197
  68  1.954 -0.169
  69  1.955 -0.166
  70  1.965 -0.140
  71  1.973 -0.113
  72  1.973 -0.112
  73  1.979 -0.083
  74  1.983 -0.055
  75  1.984 -0.026
  76  1.983  0.002
  77  1.980  0.031
  78  1.975  0.059
  79  1.973  0.066
  80  1.967  0.088
  81  1.957  0.116
  82  1.955  0.120
  83  1.944  0.145
  84  1.938  0.156
  85  1.928  0.173
  86  1.920  0.185
  87  1.908  0.202
  88  1.902  0.209
  89  1.885  0.230
  90  1.884  0.230
  91  1.867  0.248
  92  1.855  0.259
  93  1.850  0.264
  94  1.832  0.277
  95  1.818  0.287
  96  1.815  0.290
  97  1.797  0.300
  98  1.779  0.310
  99  1.767  0.316
 100  1.762  0.318
 101  1.744  0.325
 102  1.727  0.331
 103  1.709  0.336
 104  1.692  0.340
 105  1.674  0.343
 106  1.665  0.344
 107  1.656  0.345
 108  1.639  0.347
 109  1.621  0.347
 110  1.604  0.347
 111  1.586  0.345
 112  1.579  0.344
 113  1.569  0.343
 114  1.551  0.340
 115  1.533  0.336
 116  1.516  0.331
 117  1.498  0.325
 118  1.481  0.318
 119  1.476  0.316
 120  1.463  0.310
 121  1.446  0.300
 122  1.428  0.290
 123  1.424  0.287
 124  1.410  0.278
 125  1.393  0.264
 126  1.387  0.259
 127  1.375  0.248
 128  1.358  0.230
 129  1.358  0.230
 130  1.340  0.209
 131  1.334  0.202
 132  1.323  0.184
 133  1.316  0.173
 134  1.305  0.152
 135  1.301  0.145
 136  1.290  0.116
 137  1.287  0.108

time = 0.700

I, R(m), Z(m)

   1  1.293  0.095
   2  1.288  0.073
   3  1.283  0.044
   4  1.282  0.015
   5  1.282 -0.014
   6  1.285 -0.042
   7  1.290 -0.071
   8  1.293 -0.080
   9  1.298 -0.100
  10  1.307 -0.129
  11  1.311 -0.138
  12  1.319 -0.158
  13  1.329 -0.178
  14  1.333 -0.187
  15  1.347 -0.209
  16  1.351 -0.216
  17  1.365 -0.234
  18  1.373 -0.245
  19  1.383 -0.256
  20  1.399 -0.273
  21  1.401 -0.275
  22  1.419 -0.292
  23  1.430 -0.302
  24  1.437 -0.308
  25  1.455 -0.324
  26  1.463 -0.331
  27  1.473 -0.340
  28  1.491 -0.356
  29  1.496 -0.360
  30  1.509 -0.373
  31  1.525 -0.389
  32  1.527 -0.391
  33  1.545 -0.412
  34  1.552 -0.418
  35  1.563 -0.441
  36  1.581 -0.445
  37  1.599 -0.434
  38  1.617 -0.419
  39  1.619 -0.418
  40  1.635 -0.410
  41  1.653 -0.400
  42  1.671 -0.391
  43  1.675 -0.389
  44  1.689 -0.383
  45  1.707 -0.375
  46  1.725 -0.368
  47  1.743 -0.360
  48  1.743 -0.360
  49  1.761 -0.353
  50  1.779 -0.345
  51  1.797 -0.336
  52  1.806 -0.331
  53  1.815 -0.327
  54  1.833 -0.316
  55  1.851 -0.304
  56  1.853 -0.302
  57  1.869 -0.290
  58  1.887 -0.274
  59  1.887 -0.273
  60  1.905 -0.255
  61  1.914 -0.245
  62  1.923 -0.233
  63  1.935 -0.216
  64  1.941 -0.206
  65  1.952 -0.187
  66  1.959 -0.172
  67  1.966 -0.158
  68  1.977 -0.129
  69  1.977 -0.127
  70  1.985 -0.100
  71  1.991 -0.071
  72  1.994 -0.042
  73  1.995 -0.020
  74  1.996 -0.014
  75  1.995 -0.006
  76  1.994  0.015
  77  1.991  0.044
  78  1.985  0.073
  79  1.977  0.101
  80  1.977  0.102
  81  1.966  0.131
  82  1.959  0.146
  83  1.952  0.160
  84  1.941  0.179
  85  1.935  0.189
  86  1.923  0.206
  87  1.914  0.217
  88  1.905  0.229
  89  1.889  0.246
  90  1.887  0.248
  91  1.869  0.265
  92  1.857  0.275
  93  1.851  0.280
  94  1.833  0.293
  95  1.815  0.304
  96  1.815  0.304
  97  1.797  0.315
  98  1.779  0.323
  99  1.761  0.331
 100  1.754  0.333
 101  1.743  0.337
 102  1.725  0.343
 103  1.707  0.347
 104  1.689  0.350
 105  1.671  0.353
 106  1.653  0.354
 107  1.635  0.355
 108  1.617  0.354
 109  1.599  0.353
 110  1.581  0.351
 111  1.563  0.348
 112  1.545  0.344
 113  1.527  0.338
 114  1.511  0.333
 115  1.509  0.332
 116  1.491  0.325
 117  1.473  0.317
 118  1.455  0.307
 119  1.450  0.304
 120  1.437  0.296
 121  1.419  0.284
 122  1.408  0.275
 123  1.401  0.269
 124  1.383  0.253
 125  1.376  0.246
 126  1.365  0.233
 127  1.352  0.217
 128  1.347  0.211
 129  1.332  0.189
 130  1.329  0.183
 131  1.316  0.160
 132  1.311  0.147
 133  1.304  0.131
 134  1.294  0.102
 135  1.293  0.095

time = 0.900

I, R(m), Z(m)

   1  1.283  0.090
   2  1.276  0.064
   3  1.271  0.036
   4  1.268  0.009
   5  1.268 -0.019
   6  1.269 -0.047
   7  1.273 -0.075
   8  1.279 -0.103
   9  1.283 -0.118
  10  1.287 -0.131
  11  1.296 -0.159
  12  1.300 -0.168
  13  1.308 -0.186
  14  1.318 -0.205
  15  1.323 -0.214
  16  1.335 -0.234
  17  1.340 -0.242
  18  1.352 -0.258
  19  1.361 -0.270
  20  1.369 -0.279
  21  1.386 -0.297
  22  1.387 -0.298
  23  1.404 -0.313
  24  1.417 -0.326
  25  1.421 -0.329
  26  1.438 -0.344
  27  1.448 -0.354
  28  1.455 -0.360
  29  1.472 -0.376
  30  1.479 -0.381
  31  1.490 -0.393
  32  1.507 -0.409
  33  1.507 -0.410
  34  1.524 -0.431
  35  1.532 -0.437
  36  1.541 -0.458
  37  1.559 -0.464
  38  1.576 -0.455
  39  1.593 -0.442
  40  1.599 -0.437
  41  1.610 -0.432
  42  1.627 -0.423
  43  1.645 -0.415
  44  1.657 -0.409
  45  1.662 -0.407
  46  1.679 -0.401
  47  1.696 -0.394
  48  1.714 -0.388
  49  1.731 -0.381
  50  1.731 -0.381
  51  1.748 -0.375
  52  1.765 -0.368
  53  1.782 -0.360
  54  1.796 -0.354
  55  1.800 -0.352
  56  1.817 -0.342
  57  1.834 -0.331
  58  1.841 -0.326
  59  1.851 -0.318
  60  1.868 -0.303
  61  1.874 -0.298
  62  1.886 -0.285
  63  1.899 -0.270
  64  1.903 -0.265
  65  1.919 -0.242
  66  1.920 -0.241
  67  1.936 -0.214
  68  1.937 -0.212
  69  1.950 -0.186
  70  1.955 -0.174
  71  1.961 -0.159
  72  1.969 -0.131
  73  1.972 -0.119
  74  1.976 -0.103
  75  1.980 -0.075
  76  1.982 -0.047
  77  1.982 -0.019
  78  1.979  0.009
  79  1.975  0.036
  80  1.972  0.049
  81  1.968  0.064
  82  1.959  0.092
  83  1.955  0.103
  84  1.947  0.120
  85  1.937  0.140
  86  1.933  0.148
  87  1.920  0.169
  88  1.916  0.176
  89  1.903  0.193
  90  1.895  0.204
  91  1.886  0.214
  92  1.869  0.232
  93  1.868  0.232
  94  1.851  0.248
  95  1.838  0.259
  96  1.834  0.262
  97  1.817  0.275
  98  1.800  0.286
  99  1.797  0.287
 100  1.782  0.295
 101  1.765  0.304
 102  1.748  0.311
 103  1.737  0.315
 104  1.731  0.317
 105  1.714  0.323
 106  1.696  0.327
 107  1.679  0.331
 108  1.662  0.333
 109  1.645  0.335
 110  1.627  0.336
 111  1.610  0.336
 112  1.593  0.335
 113  1.576  0.333
 114  1.559  0.330
 115  1.541  0.327
 116  1.524  0.323
 117  1.507  0.317
 118  1.501  0.315
 119  1.490  0.311
 120  1.472  0.304
 121  1.455  0.296
 122  1.440  0.287
 123  1.438  0.286
 124  1.421  0.275
 125  1.404  0.263
 126  1.399  0.259
 127  1.386  0.249
 128  1.369  0.233
 129  1.367  0.232
 130  1.352  0.215
 131  1.342  0.204
 132  1.335  0.194
 133  1.322  0.176
 134  1.318  0.168
 135  1.306  0.148
 136  1.300  0.135
 137  1.294  0.120
 138  1.284  0.092
 139  1.283  0.090
