Time(ms)            radiation power
   1.9000000e+02   3.6722408e+04
   1.9020000e+02   3.7106617e+04
   1.9040000e+02   3.6816118e+04
   1.9060000e+02   3.6933254e+04
   1.9080000e+02   3.7012908e+04
   1.9100000e+02   3.6600586e+04
   1.9120000e+02   3.7345576e+04
   1.9140000e+02   3.7462713e+04
   1.9160000e+02   3.6628699e+04
   1.9180000e+02   3.7336205e+04
   1.9200000e+02   3.7593906e+04
   1.9220000e+02   3.7865664e+04
   1.9240000e+02   3.7898462e+04
   1.9260000e+02   3.8226445e+04
   1.9280000e+02   3.8390437e+04
   1.9300000e+02   3.8109309e+04
   1.9320000e+02   3.8015599e+04
   1.9340000e+02   3.8704364e+04
   1.9360000e+02   3.8648138e+04
   1.9380000e+02   3.8840243e+04
   1.9400000e+02   3.9285363e+04
   1.9420000e+02   3.9510266e+04
   1.9440000e+02   3.9819507e+04
   1.9460000e+02   4.0367707e+04
   1.9480000e+02   4.0587925e+04
   1.9500000e+02   4.0334909e+04
   1.9520000e+02   4.0419248e+04
   1.9540000e+02   4.0653521e+04
   1.9560000e+02   4.0850311e+04
   1.9580000e+02   4.1192351e+04
   1.9600000e+02   4.1370399e+04
   1.9620000e+02   4.1164238e+04
   1.9640000e+02   4.1009617e+04
   1.9660000e+02   4.1234520e+04
   1.9680000e+02   4.1145496e+04
   1.9700000e+02   4.1909229e+04
   1.9720000e+02   4.2251268e+04
   1.9740000e+02   4.0939335e+04
   1.9760000e+02   4.1407883e+04
   1.9780000e+02   4.1346972e+04
   1.9800000e+02   4.1717124e+04
   1.9820000e+02   4.2190357e+04
   1.9840000e+02   4.2199728e+04
   1.9860000e+02   4.2452744e+04
   1.9880000e+02   4.1853003e+04
   1.9900000e+02   4.2396518e+04
   1.9920000e+02   4.2588622e+04
   1.9940000e+02   4.3118081e+04
   1.9960000e+02   4.3174307e+04
   1.9980000e+02   4.3474177e+04
   2.0000000e+02   4.2991573e+04
   2.0020000e+02   4.2846324e+04
   2.0040000e+02   4.2494913e+04
   2.0060000e+02   4.2649534e+04
   2.0080000e+02   4.3670967e+04
   2.0100000e+02   4.3319557e+04
   2.0120000e+02   4.3057170e+04
   2.0140000e+02   4.2701074e+04
   2.0160000e+02   4.1895172e+04
   2.0180000e+02   4.1754608e+04
   2.0200000e+02   4.1810834e+04
   2.0220000e+02   4.2106019e+04
   2.0240000e+02   4.2607364e+04
   2.0260000e+02   4.2373091e+04
   2.0280000e+02   4.3155565e+04
   2.0300000e+02   4.3043114e+04
   2.0320000e+02   4.3352355e+04
   2.0340000e+02   4.3558516e+04
   2.0360000e+02   4.3806846e+04
   2.0380000e+02   4.3980208e+04
   2.0400000e+02   4.3717822e+04
   2.0420000e+02   4.3057170e+04
   2.0440000e+02   4.2818211e+04
   2.0460000e+02   4.3446064e+04
   2.0480000e+02   4.3422637e+04
   2.0500000e+02   4.3071226e+04
   2.0520000e+02   4.3211791e+04
   2.0540000e+02   4.2359034e+04
   2.0560000e+02   4.2368405e+04
   2.0580000e+02   4.2199728e+04
   2.0600000e+02   4.2448058e+04
   2.0620000e+02   4.2223155e+04
   2.0640000e+02   4.2040422e+04
   2.0660000e+02   4.1810834e+04
   2.0680000e+02   4.1745237e+04
   2.0700000e+02   4.2040422e+04
   2.0720000e+02   4.2382462e+04
   2.0740000e+02   4.1979511e+04
   2.0760000e+02   4.1632786e+04
   2.0780000e+02   4.1192351e+04
   2.0800000e+02   4.0292740e+04
   2.0820000e+02   4.0358336e+04
   2.0840000e+02   3.9997555e+04
   2.0860000e+02   4.0133434e+04
   2.0880000e+02   4.0302111e+04
   2.0900000e+02   3.9997555e+04
   2.0920000e+02   3.9814821e+04
   2.0940000e+02   4.0133434e+04
   2.0960000e+02   3.9852305e+04
   2.0980000e+02   4.0227143e+04
   2.1000000e+02   4.0709747e+04
   2.1020000e+02   4.0644150e+04
   2.1040000e+02   4.0812828e+04
   2.1060000e+02   4.0208401e+04
   2.1080000e+02   4.0114692e+04
   2.1100000e+02   4.0400506e+04
   2.1120000e+02   4.0733174e+04
   2.1140000e+02   4.0883110e+04
   2.1160000e+02   4.1403197e+04
   2.1180000e+02   4.0897166e+04
   2.1200000e+02   4.1361028e+04
   2.1220000e+02   4.0597296e+04
   2.1240000e+02   4.1145496e+04
   2.1260000e+02   4.1065843e+04
   2.1280000e+02   4.1084585e+04
   2.1300000e+02   4.0911223e+04
   2.1320000e+02   4.0925279e+04
   2.1340000e+02   4.1028359e+04
   2.1360000e+02   4.0503586e+04
   2.1380000e+02   4.0601981e+04
   2.1400000e+02   4.0836255e+04
   2.1420000e+02   4.0592610e+04
   2.1440000e+02   4.0245885e+04
   2.1460000e+02   4.0508272e+04
   2.1480000e+02   4.0414562e+04
   2.1500000e+02   3.9688314e+04
   2.1520000e+02   4.0377078e+04
   2.1540000e+02   3.9819507e+04
   2.1560000e+02   3.9716426e+04
   2.1580000e+02   3.9496209e+04
   2.1600000e+02   4.0658207e+04
   2.1620000e+02   4.0400506e+04
   2.1640000e+02   4.0686320e+04
   2.1660000e+02   4.0597296e+04
   2.1680000e+02   4.0016297e+04
   2.1700000e+02   4.0447361e+04
   2.1720000e+02   4.0498901e+04
   2.1740000e+02   4.0873739e+04
   2.1760000e+02   4.0728489e+04
   2.1780000e+02   4.1272004e+04
   2.1800000e+02   4.1304802e+04
   2.1820000e+02   4.1309488e+04
   2.1840000e+02   4.1389141e+04
   2.1860000e+02   4.1370399e+04
   2.1880000e+02   4.1740552e+04
   2.1900000e+02   4.2246583e+04
   2.1920000e+02   4.1857688e+04
   2.1940000e+02   4.1674955e+04
   2.1960000e+02   4.1182980e+04
   2.1980000e+02   4.1417254e+04
   2.2000000e+02   4.1665584e+04
   2.2020000e+02   4.1646842e+04
   2.2040000e+02   4.1604673e+04
   2.2060000e+02   4.1562503e+04
   2.2080000e+02   4.2162244e+04
   2.2100000e+02   4.2101333e+04
   2.2120000e+02   4.2312179e+04
   2.2140000e+02   4.2082591e+04
   2.2160000e+02   4.2958775e+04
   2.2180000e+02   4.2869751e+04
   2.2200000e+02   4.2902549e+04
   2.2220000e+02   4.2387147e+04
   2.2240000e+02   4.2349663e+04
   2.2260000e+02   4.2110704e+04
   2.2280000e+02   4.1553133e+04
   2.2300000e+02   4.0859682e+04
   2.2320000e+02   4.0372393e+04
   2.2340000e+02   4.0892481e+04
   2.2360000e+02   4.0714433e+04
   2.2380000e+02   4.1108012e+04
   2.2400000e+02   4.1440681e+04
   2.2420000e+02   4.1731181e+04
   2.2440000e+02   4.1796777e+04
   2.2460000e+02   4.1867059e+04
   2.2480000e+02   4.2640163e+04
   2.2500000e+02   4.2387147e+04
   2.2520000e+02   4.2621421e+04
   2.2540000e+02   4.2476171e+04
   2.2560000e+02   4.3253960e+04
   2.2580000e+02   4.2677646e+04
   2.2600000e+02   4.2780727e+04
   2.2620000e+02   4.2733872e+04
   2.2640000e+02   4.2752614e+04
   2.2660000e+02   4.2790098e+04
   2.2680000e+02   4.2579252e+04
   2.2700000e+02   4.2626106e+04
   2.2720000e+02   4.2031051e+04
   2.2740000e+02   4.2129446e+04
   2.2760000e+02   4.1595302e+04
   2.2780000e+02   4.1206407e+04
   2.2800000e+02   4.1464109e+04
   2.2820000e+02   4.1093956e+04
   2.2840000e+02   4.0705062e+04
   2.2860000e+02   4.0227143e+04
   2.2880000e+02   3.9880418e+04
   2.2900000e+02   4.0325538e+04
   2.2920000e+02   4.0156861e+04
   2.2940000e+02   4.1136125e+04
   2.2960000e+02   4.0634779e+04
   2.2980000e+02   4.0545755e+04
   2.3000000e+02   4.0203716e+04
   2.3020000e+02   4.0344280e+04
   2.3040000e+02   4.0527014e+04
   2.3060000e+02   3.9646144e+04
   2.3080000e+02   4.0250571e+04
   2.3100000e+02   3.9969442e+04
   2.3120000e+02   3.9524322e+04
   2.3140000e+02   3.9196339e+04
   2.3160000e+02   3.9463411e+04
   2.3180000e+02   4.0180288e+04
   2.3200000e+02   4.0498901e+04
   2.3220000e+02   4.0639465e+04
   2.3240000e+02   4.1417254e+04
   2.3260000e+02   4.1824890e+04
   2.3280000e+02   4.2504284e+04
   2.3300000e+02   4.2916606e+04
   2.3320000e+02   4.2888493e+04
   2.3340000e+02   4.2719816e+04
   2.3360000e+02   4.2747929e+04
   2.3380000e+02   4.2743243e+04
   2.3400000e+02   4.2621421e+04
   2.3420000e+02   4.2209099e+04
   2.3440000e+02   4.2930662e+04
   2.3460000e+02   4.2359034e+04
   2.3480000e+02   4.2129446e+04
   2.3500000e+02   4.2255954e+04
   2.3520000e+02   4.2949404e+04
   2.3540000e+02   4.2265325e+04
   2.3560000e+02   4.1529705e+04
   2.3580000e+02   4.1548447e+04
   2.3600000e+02   4.1295431e+04
   2.3620000e+02   4.1529705e+04
   2.3640000e+02   4.1806148e+04
   2.3660000e+02   4.1290746e+04
   2.3680000e+02   4.0934650e+04
   2.3700000e+02   4.1815519e+04
   2.3720000e+02   4.1965454e+04
   2.3740000e+02   4.2405889e+04
   2.3760000e+02   4.2729187e+04
   2.3780000e+02   4.2480857e+04
   2.3800000e+02   4.2593308e+04
   2.3820000e+02   4.2021680e+04
   2.3840000e+02   4.2251268e+04
   2.3860000e+02   4.2335607e+04
   2.3880000e+02   4.2185672e+04
   2.3900000e+02   4.1848317e+04
   2.3920000e+02   4.1328230e+04
   2.3940000e+02   4.1759293e+04
   2.3960000e+02   4.1834261e+04
   2.3980000e+02   4.2082591e+04
   2.4000000e+02   4.1642157e+04
   2.4020000e+02   4.1871745e+04
   2.4040000e+02   4.2457429e+04
   2.4060000e+02   4.1782721e+04
   2.4080000e+02   4.2106019e+04
   2.4100000e+02   4.2448058e+04
   2.4120000e+02   4.1913914e+04
   2.4140000e+02   4.1093956e+04
   2.4160000e+02   4.0958077e+04
   2.4180000e+02   4.0620723e+04
   2.4200000e+02   3.9903845e+04
   2.4220000e+02   3.9365016e+04
   2.4240000e+02   3.9313476e+04
   2.4260000e+02   3.9065145e+04
   2.4280000e+02   3.9172911e+04
   2.4300000e+02   3.9041718e+04
   2.4320000e+02   3.9313476e+04
   2.4340000e+02   3.9266621e+04
   2.4360000e+02   3.9622717e+04
   2.4380000e+02   3.9252564e+04
   2.4400000e+02   3.9468096e+04
   2.4420000e+02   3.9037033e+04
   2.4440000e+02   3.9144799e+04
   2.4460000e+02   3.9425927e+04
   2.4480000e+02   3.9126057e+04
   2.4500000e+02   3.8479461e+04
   2.4520000e+02   3.8437292e+04
   2.4540000e+02   3.8718420e+04
   2.4560000e+02   3.8516945e+04
   2.4580000e+02   3.8526316e+04
   2.4600000e+02   3.8165534e+04
   2.4620000e+02   3.8437292e+04
   2.4640000e+02   3.9538378e+04
   2.4660000e+02   3.9580548e+04
   2.4680000e+02   3.8427921e+04
   2.4700000e+02   3.8507574e+04
   2.4720000e+02   3.7795382e+04
   2.4740000e+02   3.7921890e+04
   2.4760000e+02   3.8324840e+04
   2.4780000e+02   3.9027662e+04
   2.4800000e+02   3.9749225e+04
   2.4820000e+02   3.9899160e+04
   2.4840000e+02   3.9336903e+04
   2.4860000e+02   3.9238508e+04
   2.4880000e+02   3.9538378e+04
   2.4900000e+02   3.9819507e+04
   2.4920000e+02   3.9435298e+04
   2.4940000e+02   3.9116686e+04
   2.4960000e+02   3.8709049e+04
   2.4980000e+02   3.8816815e+04
   2.5000000e+02   3.8615340e+04
   2.5020000e+02   3.8362324e+04
   2.5040000e+02   3.8493518e+04
   2.5060000e+02   3.8010914e+04
   2.5080000e+02   3.7771954e+04
   2.5100000e+02   3.8334211e+04
   2.5120000e+02   3.8690307e+04
   2.5140000e+02   3.7982801e+04
   2.5160000e+02   3.8381066e+04
   2.5180000e+02   3.8620025e+04
   2.5200000e+02   3.8966750e+04
   2.5220000e+02   3.9290048e+04
   2.5240000e+02   3.9112000e+04
   2.5260000e+02   3.8882412e+04
   2.5280000e+02   3.8432606e+04
   2.5300000e+02   3.8456034e+04
   2.5320000e+02   3.8132736e+04
   2.5340000e+02   3.8198333e+04
   2.5360000e+02   3.7996857e+04
   2.5380000e+02   3.7706358e+04
   2.5400000e+02   3.7622019e+04
   2.5420000e+02   3.7472084e+04
   2.5440000e+02   3.8203018e+04
   2.5460000e+02   3.8582542e+04
   2.5480000e+02   3.9032347e+04
   2.5500000e+02   3.9318161e+04
   2.5520000e+02   3.9163540e+04
   2.5540000e+02   3.9186968e+04
   2.5560000e+02   3.9796080e+04
   2.5580000e+02   3.9571177e+04
   2.5600000e+02   3.9046404e+04
   2.5620000e+02   3.8423235e+04
   2.5640000e+02   3.8873041e+04
   2.5660000e+02   3.9477467e+04
   2.5680000e+02   3.9650830e+04
   2.5700000e+02   4.0231829e+04
   2.5720000e+02   3.9969442e+04
   2.5740000e+02   3.9650830e+04
   2.5760000e+02   3.9210395e+04
   2.5780000e+02   3.8962065e+04
   2.5800000e+02   3.9285363e+04
   2.5820000e+02   3.9454040e+04
   2.5840000e+02   4.0147490e+04
   2.5860000e+02   4.0170918e+04
   2.5880000e+02   3.9800765e+04
   2.5900000e+02   4.0058466e+04
   2.5920000e+02   4.0241200e+04
   2.5940000e+02   4.1056472e+04
   2.5960000e+02   4.1033045e+04
   2.5980000e+02   4.0770658e+04
   2.6000000e+02   4.0770658e+04
   2.6020000e+02   4.0508272e+04
   2.6040000e+02   4.1108012e+04
   2.6060000e+02   4.1862374e+04
   2.6080000e+02   4.1759293e+04
   2.6100000e+02   4.1749922e+04
   2.6120000e+02   4.2265325e+04
   2.6140000e+02   4.2555824e+04
   2.6160000e+02   4.2363720e+04
   2.6180000e+02   4.2597993e+04
   2.6200000e+02   4.2270010e+04
   2.6220000e+02   4.2715130e+04
   2.6240000e+02   4.2602679e+04
   2.6260000e+02   4.3207105e+04
   2.6280000e+02   4.3371097e+04
   2.6300000e+02   4.3553830e+04
   2.6320000e+02   4.3352355e+04
   2.6340000e+02   4.3905241e+04
   2.6360000e+02   4.4659602e+04
   2.6380000e+02   4.4954787e+04
   2.6400000e+02   4.5348367e+04
   2.6420000e+02   4.4861078e+04
   2.6440000e+02   4.4654917e+04
   2.6460000e+02   4.4045805e+04
   2.6480000e+02   4.3849015e+04
   2.6500000e+02   4.4214482e+04
   2.6520000e+02   4.5020384e+04
   2.6540000e+02   4.5160948e+04
   2.6560000e+02   4.5006327e+04
   2.6580000e+02   4.4692401e+04
   2.6600000e+02   4.4467498e+04
   2.6620000e+02   4.4116087e+04
   2.6640000e+02   4.3989579e+04
   2.6660000e+02   4.3769362e+04
   2.6680000e+02   4.3994265e+04
   2.6700000e+02   4.4162942e+04
   2.6720000e+02   4.4073918e+04
   2.6740000e+02   4.4008321e+04
   2.6760000e+02   4.4425329e+04
   2.6780000e+02   4.4622118e+04
   2.6800000e+02   4.5100037e+04
   2.6820000e+02   4.4547151e+04
   2.6840000e+02   4.5231230e+04
   2.6860000e+02   4.5873140e+04
   2.6880000e+02   4.5629496e+04
   2.6900000e+02   4.6187067e+04
   2.6920000e+02   4.5395222e+04
   2.6940000e+02   4.6196438e+04
   2.6960000e+02   4.6636873e+04
   2.6980000e+02   4.7480258e+04
   2.7000000e+02   4.7438089e+04
   2.7020000e+02   4.6664985e+04
   2.7040000e+02   4.5727891e+04
   2.7060000e+02   4.5713834e+04
   2.7080000e+02   4.5413964e+04
   2.7100000e+02   4.5278085e+04
   2.7120000e+02   4.5634181e+04
   2.7140000e+02   4.5573270e+04
   2.7160000e+02   4.5067239e+04
   2.7180000e+02   4.5043811e+04
   2.7200000e+02   4.5071924e+04
   2.7220000e+02   4.5104722e+04
   2.7240000e+02   4.5362423e+04
   2.7260000e+02   4.5540472e+04
   2.7280000e+02   4.5175005e+04
   2.7300000e+02   4.5034440e+04
   2.7320000e+02   4.5428020e+04
   2.7340000e+02   4.5184375e+04
   2.7360000e+02   4.4603377e+04
   2.7380000e+02   4.4659602e+04
   2.7400000e+02   4.4575264e+04
   2.7420000e+02   4.4556522e+04
   2.7440000e+02   4.4917303e+04
   2.7460000e+02   4.5020384e+04
   2.7480000e+02   4.4659602e+04
   2.7500000e+02   4.4584635e+04
   2.7520000e+02   4.4603377e+04
   2.7540000e+02   4.5287456e+04
   2.7560000e+02   4.5737261e+04
   2.7580000e+02   4.5802858e+04
   2.7600000e+02   4.6594703e+04
   2.7620000e+02   4.6688413e+04
   2.7640000e+02   4.6768066e+04
   2.7660000e+02   4.7077307e+04
   2.7680000e+02   4.7606766e+04
   2.7700000e+02   4.7775443e+04
   2.7720000e+02   4.8150281e+04
   2.7740000e+02   4.7822298e+04
   2.7760000e+02   4.7086678e+04
   2.7780000e+02   4.7217871e+04
   2.7800000e+02   4.7812927e+04
   2.7820000e+02   4.7536484e+04
   2.7840000e+02   4.7213186e+04
   2.7860000e+02   4.7400605e+04
   2.7880000e+02   4.7470887e+04
   2.7900000e+02   4.7826983e+04
   2.7920000e+02   4.7836354e+04
   2.7940000e+02   4.7302210e+04
   2.7960000e+02   4.6721211e+04
   2.7980000e+02   4.6885203e+04
   2.8000000e+02   4.7269412e+04
   2.8020000e+02   4.7784814e+04
   2.8040000e+02   4.7667677e+04
   2.8060000e+02   4.8515748e+04
   2.8080000e+02   4.8693796e+04
   2.8100000e+02   4.8403297e+04
   2.8120000e+02   4.8586030e+04
   2.8140000e+02   4.8604772e+04
   2.8160000e+02   4.8150281e+04
   2.8180000e+02   4.7798870e+04
   2.8200000e+02   4.7545855e+04
   2.8220000e+02   4.6711840e+04
   2.8240000e+02   4.7067936e+04
   2.8260000e+02   4.7541169e+04
   2.8280000e+02   4.7335008e+04
   2.8300000e+02   4.6838348e+04
   2.8320000e+02   4.6547849e+04
   2.8340000e+02   4.6660300e+04
   2.8360000e+02   4.6500994e+04
   2.8380000e+02   4.6543163e+04
   2.8400000e+02   4.6697784e+04
   2.8420000e+02   4.7461516e+04
   2.8440000e+02   4.7503685e+04
   2.8460000e+02   4.7705161e+04
   2.8480000e+02   4.7461516e+04
   2.8500000e+02   4.6707155e+04
   2.8520000e+02   4.6594703e+04
   2.8540000e+02   4.6992969e+04
   2.8560000e+02   4.7278783e+04
   2.8580000e+02   4.6871146e+04
   2.8600000e+02   4.6927372e+04
   2.8620000e+02   4.6754009e+04
   2.8640000e+02   4.6262035e+04
   2.8660000e+02   4.5727891e+04
   2.8680000e+02   4.5432706e+04
   2.8700000e+02   4.5071924e+04
   2.8720000e+02   4.5704463e+04
   2.8740000e+02   4.5779431e+04
   2.8760000e+02   4.5545157e+04
   2.8780000e+02   4.4594006e+04
   2.8800000e+02   4.4270708e+04
   2.8820000e+02   4.4289450e+04
   2.8840000e+02   4.4092660e+04
   2.8860000e+02   4.3699080e+04
   2.8880000e+02   4.3900555e+04
   2.8900000e+02   4.3441379e+04
   2.8920000e+02   4.3483548e+04
   2.8940000e+02   4.3300815e+04
   2.8960000e+02   4.3446064e+04
   2.8980000e+02   4.3347669e+04
   2.9000000e+02   4.3216476e+04
   2.9020000e+02   4.3586629e+04
   2.9040000e+02   4.2799469e+04
   2.9060000e+02   4.2682332e+04
   2.9080000e+02   4.2687017e+04
   2.9100000e+02   4.3469492e+04
   2.9120000e+02   4.2851009e+04
   2.9140000e+02   4.3305500e+04
   2.9160000e+02   4.3253960e+04
   2.9180000e+02   4.3553830e+04
   2.9200000e+02   4.4256651e+04
   2.9220000e+02   4.3521032e+04
   2.9240000e+02   4.3652225e+04
   2.9260000e+02   4.4097345e+04
   2.9280000e+02   4.4289450e+04
   2.9300000e+02   4.4612748e+04
   2.9320000e+02   4.5053182e+04
   2.9340000e+02   4.5085980e+04
   2.9360000e+02   4.5343682e+04
   2.9380000e+02   4.5756003e+04
   2.9400000e+02   4.5006327e+04
   2.9420000e+02   4.5137521e+04
   2.9440000e+02   4.5324940e+04
   2.9460000e+02   4.5709149e+04
   2.9480000e+02   4.5962164e+04
   2.9500000e+02   4.6276091e+04
   2.9520000e+02   4.6247978e+04
   2.9540000e+02   4.7110106e+04
   2.9560000e+02   4.7077307e+04
   2.9580000e+02   4.6960170e+04
   2.9600000e+02   4.7124162e+04
   2.9620000e+02   4.6852404e+04
   2.9640000e+02   4.6571276e+04
   2.9660000e+02   4.7920693e+04
   2.9680000e+02   4.8843731e+04
   2.9700000e+02   4.8225249e+04
   2.9720000e+02   4.8295531e+04
   2.9740000e+02   4.8796876e+04
   2.9760000e+02   4.9031150e+04
   2.9780000e+02   5.0474276e+04
   2.9800000e+02   5.0240003e+04
   2.9820000e+02   5.1050590e+04
   2.9840000e+02   5.1013106e+04
   2.9860000e+02   5.0970937e+04
   2.9880000e+02   5.0792889e+04
   2.9900000e+02   5.0755405e+04
   2.9920000e+02   5.0717921e+04
   2.9940000e+02   5.1013106e+04
   2.9960000e+02   5.1481653e+04
   2.9980000e+02   5.2076709e+04
   3.0000000e+02   5.1715927e+04
   3.0020000e+02   5.1968943e+04
   3.0040000e+02   5.2081394e+04
   3.0060000e+02   5.1523823e+04
   3.0080000e+02   5.1289549e+04
   3.0100000e+02   5.1411371e+04
   3.0120000e+02   5.1219267e+04
   3.0140000e+02   5.1430113e+04
   3.0160000e+02   5.1697185e+04
   3.0180000e+02   5.1968943e+04
   3.0200000e+02   5.1622218e+04
   3.0220000e+02   5.1650331e+04
   3.0240000e+02   5.1917403e+04
   3.0260000e+02   5.1542565e+04
   3.0280000e+02   5.1406686e+04
   3.0300000e+02   5.1908032e+04
   3.0320000e+02   5.2217273e+04
   3.0340000e+02   5.1903346e+04
   3.0360000e+02   5.1500395e+04
   3.0380000e+02   5.1420742e+04
   3.0400000e+02   5.0975622e+04
   3.0420000e+02   5.1031848e+04
   3.0440000e+02   5.0750719e+04
   3.0460000e+02   5.1078703e+04
   3.0480000e+02   5.0605470e+04
   3.0500000e+02   5.0778832e+04
   3.0520000e+02   5.0375881e+04
   3.0540000e+02   5.0778832e+04
   3.0560000e+02   5.1186469e+04
   3.0580000e+02   5.0877227e+04
   3.0600000e+02   5.1163041e+04
   3.0620000e+02   5.1308291e+04
   3.0640000e+02   5.0432107e+04
   3.0660000e+02   4.9827681e+04
   3.0680000e+02   5.0122866e+04
   3.0700000e+02   5.0314970e+04
   3.0720000e+02   4.9855794e+04
   3.0740000e+02   5.0952195e+04
   3.0760000e+02   4.9991673e+04
   3.0780000e+02   5.0900655e+04
   3.0800000e+02   4.9846423e+04
   3.0820000e+02   5.0277486e+04
   3.0840000e+02   5.0291543e+04
   3.0860000e+02   5.0839743e+04
   3.0880000e+02   5.0919397e+04
   3.0900000e+02   5.1575363e+04
   3.0920000e+02   5.2076709e+04
   3.0940000e+02   5.1964257e+04
   3.0960000e+02   5.2081394e+04
   3.0980000e+02   5.2606167e+04
   3.1000000e+02   5.3009118e+04
   3.1020000e+02   5.3229336e+04
   3.1040000e+02   5.3932157e+04
   3.1060000e+02   5.4091463e+04
   3.1080000e+02   5.5183179e+04
   3.1100000e+02   5.6668474e+04
   3.1120000e+02   5.7938238e+04
   3.1140000e+02   5.8683228e+04
   3.1160000e+02   5.9095550e+04
   3.1180000e+02   6.0154467e+04
   3.1200000e+02   6.0112298e+04
   3.1220000e+02   5.9667178e+04
   3.1240000e+02   6.0032645e+04
   3.1260000e+02   6.0248177e+04
   3.1280000e+02   6.0004532e+04
   3.1300000e+02   6.0290346e+04
   3.1320000e+02   6.0491821e+04
   3.1340000e+02   6.1011909e+04
   3.1360000e+02   6.1691303e+04
   3.1380000e+02   6.2562801e+04
   3.1400000e+02   6.2792389e+04
   3.1420000e+02   6.3101631e+04
   3.1440000e+02   6.3528009e+04
   3.1460000e+02   6.4113693e+04
   3.1480000e+02   6.4080895e+04
   3.1500000e+02   6.4343282e+04
   3.1520000e+02   6.4727491e+04
   3.1540000e+02   6.5917601e+04
   3.1560000e+02   6.6489229e+04
   3.1580000e+02   6.6367407e+04
   3.1600000e+02   6.6592309e+04
   3.1620000e+02   6.6756301e+04
   3.1640000e+02   6.7454437e+04
   3.1660000e+02   6.7562203e+04
   3.1680000e+02   6.7758993e+04
   3.1700000e+02   6.8311879e+04
   3.1720000e+02   6.7388840e+04
   3.1740000e+02   6.7904242e+04
   3.1760000e+02   6.7407582e+04
   3.1780000e+02   6.8766370e+04
   3.1800000e+02   6.8349362e+04
   3.1820000e+02   6.9319256e+04
   3.1840000e+02   6.9965851e+04
   3.1860000e+02   7.0387544e+04
   3.1880000e+02   7.1071623e+04
   3.1900000e+02   7.2013404e+04
   3.1920000e+02   7.2013404e+04
   3.1940000e+02   7.1994662e+04
   3.1960000e+02   7.1938436e+04
   3.1980000e+02   7.1535485e+04
   3.2000000e+02   7.1896267e+04
   3.2020000e+02   7.2510064e+04
   3.2040000e+02   7.2453838e+04
   3.2060000e+02   7.2093057e+04
   3.2080000e+02   7.1647937e+04
   3.2100000e+02   7.0551536e+04
   3.2120000e+02   7.0382858e+04
   3.2140000e+02   7.0729584e+04
   3.2160000e+02   7.0753011e+04
   3.2180000e+02   7.1629195e+04
   3.2200000e+02   7.2416355e+04
   3.2220000e+02   7.2107113e+04
   3.2240000e+02   7.3198829e+04
   3.2260000e+02   7.2959870e+04
   3.2280000e+02   7.3447159e+04
   3.2300000e+02   7.4360827e+04
   3.2320000e+02   7.4641955e+04
   3.2340000e+02   7.4660697e+04
   3.2360000e+02   7.4665382e+04
   3.2380000e+02   7.5218268e+04
   3.2400000e+02   7.5372889e+04
   3.2420000e+02   7.5541566e+04
   3.2440000e+02   7.5789896e+04
   3.2460000e+02   7.6890983e+04
   3.2480000e+02   7.6567685e+04
   3.2500000e+02   7.6773846e+04
   3.2520000e+02   7.6267815e+04
   3.2540000e+02   7.7050289e+04
   3.2560000e+02   7.8404391e+04
   3.2580000e+02   7.8404391e+04
   3.2600000e+02   7.9285260e+04
   3.2620000e+02   7.9500792e+04
   3.2640000e+02   7.9683526e+04
   3.2660000e+02   8.0498798e+04
   3.2680000e+02   8.0212984e+04
   3.2700000e+02   8.1276587e+04
   3.2720000e+02   8.1398410e+04
   3.2740000e+02   8.1314071e+04
   3.2760000e+02   8.0601879e+04
   3.2780000e+02   8.0770556e+04
   3.2800000e+02   8.0892378e+04
   3.2820000e+02   8.0925177e+04
   3.2840000e+02   8.1346869e+04
   3.2860000e+02   8.0859580e+04
   3.2880000e+02   8.0114589e+04
   3.2900000e+02   8.1576458e+04
   3.2920000e+02   8.2246480e+04
   3.2940000e+02   8.2691601e+04
   3.2960000e+02   8.3745832e+04
   3.2980000e+02   8.3722405e+04
   3.3000000e+02   8.4279977e+04
   3.3020000e+02   8.4790693e+04
   3.3040000e+02   8.4795379e+04
   3.3060000e+02   8.4603274e+04
   3.3080000e+02   8.5498200e+04
   3.3100000e+02   8.5437289e+04
   3.3120000e+02   8.4359630e+04
   3.3140000e+02   8.4659500e+04
   3.3160000e+02   8.4804750e+04
   3.3180000e+02   8.5535684e+04
   3.3200000e+02   8.5680933e+04
   3.3220000e+02   8.5441974e+04
   3.3240000e+02   8.6486835e+04
   3.3260000e+02   8.6899157e+04
   3.3280000e+02   8.6960068e+04
   3.3300000e+02   8.6955383e+04
   3.3320000e+02   8.6664883e+04
   3.3340000e+02   8.7442672e+04
   3.3360000e+02   8.7400503e+04
   3.3380000e+02   8.7437986e+04
   3.3400000e+02   8.7330221e+04
   3.3420000e+02   8.7639462e+04
   3.3440000e+02   8.7020979e+04
   3.3460000e+02   8.7601978e+04
   3.3480000e+02   8.8000243e+04
   3.3500000e+02   8.8267315e+04
   3.3520000e+02   8.8693694e+04
   3.3540000e+02   8.8346969e+04
   3.3560000e+02   8.8450049e+04
   3.3580000e+02   8.8047098e+04
   3.3600000e+02   8.7770655e+04
   3.3620000e+02   8.8609355e+04
   3.3640000e+02   8.8876427e+04
   3.3660000e+02   8.9302805e+04
   3.3680000e+02   8.9494910e+04
   3.3700000e+02   8.9359031e+04
   3.3720000e+02   8.9940030e+04
   3.3740000e+02   8.9827579e+04
   3.3760000e+02   9.0905238e+04
   3.3780000e+02   8.9897861e+04
   3.3800000e+02   9.0099336e+04
   3.3820000e+02   9.0680335e+04
   3.3840000e+02   9.0328924e+04
   3.3860000e+02   9.0488231e+04
   3.3880000e+02   8.9879119e+04
   3.3900000e+02   8.9672958e+04
   3.3920000e+02   9.1172310e+04
   3.3940000e+02   9.0783415e+04
   3.3960000e+02   9.1617430e+04
   3.3980000e+02   9.0806843e+04
   3.4000000e+02   9.0511658e+04
   3.4020000e+02   9.0694391e+04
   3.4040000e+02   9.1167624e+04
   3.4060000e+02   9.0783415e+04
   3.4080000e+02   9.0253957e+04
   3.4100000e+02   9.1092657e+04
   3.4120000e+02   9.1144197e+04
   3.4140000e+02   9.1228536e+04
   3.4160000e+02   9.0783415e+04
   3.4180000e+02   9.1668970e+04
   3.4200000e+02   9.2423332e+04
   3.4220000e+02   9.2690404e+04
   3.4240000e+02   9.1950099e+04
   3.4260000e+02   9.2128147e+04
   3.4280000e+02   9.2395219e+04
   3.4300000e+02   9.3187064e+04
   3.4320000e+02   9.2470186e+04
   3.4340000e+02   9.2175001e+04
   3.4360000e+02   9.2517041e+04
   3.4380000e+02   9.3205806e+04
   3.4400000e+02   9.2962161e+04
   3.4420000e+02   9.2919992e+04
   3.4440000e+02   9.3440080e+04
   3.4460000e+02   9.3116782e+04
   3.4480000e+02   9.2587323e+04
   3.4500000e+02   9.1950099e+04
   3.4520000e+02   9.1570575e+04
   3.4540000e+02   9.1767365e+04
   3.4560000e+02   9.2249969e+04
   3.4580000e+02   9.2081292e+04
   3.4600000e+02   9.2048494e+04
   3.4620000e+02   9.1631486e+04
   3.4640000e+02   9.1139511e+04
   3.4660000e+02   9.1298818e+04
   3.4680000e+02   9.0994262e+04
   3.4700000e+02   9.1317560e+04
   3.4720000e+02   9.2151574e+04
   3.4740000e+02   9.1228536e+04
   3.4760000e+02   9.1678341e+04
   3.4780000e+02   9.0558513e+04
   3.4800000e+02   9.0038425e+04
   3.4820000e+02   9.0900552e+04
   3.4840000e+02   9.0188360e+04
   3.4860000e+02   9.1242592e+04
   3.4880000e+02   9.0745932e+04
   3.4900000e+02   8.9204410e+04
   3.4920000e+02   8.9049790e+04
   3.4940000e+02   8.7808139e+04
   3.4960000e+02   8.8375081e+04
   3.4980000e+02   8.8384452e+04
   3.5000000e+02   8.8126751e+04
   3.5020000e+02   8.7751913e+04
   3.5040000e+02   8.9626103e+04
   3.5060000e+02   9.0488231e+04
   3.5080000e+02   8.9822893e+04
   3.5100000e+02   9.0586625e+04
   3.5120000e+02   9.1144197e+04
   3.5140000e+02   9.0689706e+04
   3.5160000e+02   9.0942722e+04
   3.5180000e+02   9.0150876e+04
   3.5200000e+02   8.9068532e+04
   3.5220000e+02   8.8693694e+04
   3.5240000e+02   8.7958074e+04
   3.5260000e+02   8.8234517e+04
   3.5280000e+02   8.9237209e+04
   3.5300000e+02   8.9668272e+04
   3.5320000e+02   9.0886496e+04
   3.5340000e+02   9.2587323e+04
   3.5360000e+02   9.2254654e+04
   3.5380000e+02   9.1683027e+04
   3.5400000e+02   9.1411269e+04
   3.5420000e+02   9.1247277e+04
   3.5440000e+02   9.2020381e+04
   3.5460000e+02   9.1917300e+04
   3.5480000e+02   9.2788799e+04
   3.5500000e+02   9.4147586e+04
   3.5520000e+02   9.5140907e+04
   3.5540000e+02   9.4414658e+04
   3.5560000e+02   9.5918696e+04
   3.5580000e+02   9.5928067e+04
   3.5600000e+02   9.5965550e+04
   3.5620000e+02   9.7760087e+04
   3.5640000e+02   9.7863168e+04
   3.5660000e+02   9.8917400e+04
   3.5680000e+02   9.8650327e+04
   3.5700000e+02   9.8861174e+04
   3.5720000e+02   9.9901349e+04
   3.5740000e+02   1.0006534e+05
   3.5760000e+02   1.0116643e+05
   3.5780000e+02   1.0125077e+05
   3.5800000e+02   1.0116643e+05
   3.5820000e+02   1.0167714e+05
   3.5840000e+02   1.0136322e+05
   3.5860000e+02   1.0154127e+05
   3.5880000e+02   1.0166309e+05
   3.5900000e+02   1.0168652e+05
   3.5920000e+02   1.0255333e+05
   3.5940000e+02   1.0161155e+05
   3.5960000e+02   1.0162560e+05
   3.5980000e+02   1.0389806e+05
   3.6000000e+02   1.0442283e+05
   3.6020000e+02   1.0258613e+05
   3.6040000e+02   1.0230031e+05
   3.6060000e+02   1.0306873e+05
   3.6080000e+02   1.0190673e+05
   3.6100000e+02   1.0075879e+05
   3.6120000e+02   1.0101649e+05
   3.6140000e+02   1.0086187e+05
   3.6160000e+02   1.0086656e+05
   3.6180000e+02   1.0198639e+05
   3.6200000e+02   1.0297034e+05
   3.6220000e+02   1.0341077e+05
   3.6240000e+02   1.0275480e+05
   3.6260000e+02   1.0204730e+05
   3.6280000e+02   1.0189268e+05
   3.6300000e+02   1.0223940e+05
   3.6320000e+02   1.0036990e+05
   3.6340000e+02   1.0111489e+05
   3.6360000e+02   1.0223003e+05
   3.6380000e+02   1.0322804e+05
   3.6400000e+02   1.0283914e+05
   3.6420000e+02   1.0147567e+05
   3.6440000e+02   1.0217380e+05
   3.6460000e+02   1.0142881e+05
   3.6480000e+02   1.0031836e+05
   3.6500000e+02   1.0010282e+05
   3.6520000e+02   1.0110083e+05
   3.6540000e+02   9.9765470e+04
   3.6560000e+02   9.8908029e+04
   3.6580000e+02   9.9001738e+04
   3.6600000e+02   9.8055272e+04
   3.6620000e+02   9.8252062e+04
   3.6640000e+02   9.8842432e+04
   3.6660000e+02   9.9634277e+04
   3.6680000e+02   1.0027150e+05
   3.6700000e+02   9.9657705e+04
   3.6720000e+02   9.9442173e+04
   3.6740000e+02   9.9957575e+04
   3.6760000e+02   1.0030899e+05
   3.6780000e+02   1.0038864e+05
   3.6800000e+02   1.0027619e+05
   3.6820000e+02   1.0046361e+05
   3.6840000e+02   1.0057137e+05
   3.6860000e+02   1.0071662e+05
   3.6880000e+02   1.0150378e+05
   3.6900000e+02   1.0077753e+05
   3.6920000e+02   1.0101181e+05
   3.6940000e+02   1.0034647e+05
   3.6960000e+02   9.9507769e+04
   3.6980000e+02   9.9456229e+04
   3.7000000e+02   1.0011220e+05
   3.7020000e+02   1.0026213e+05
   3.7040000e+02   9.9732672e+04
   3.7060000e+02   1.0050109e+05
   3.7080000e+02   1.0111020e+05
   3.7100000e+02   1.0117580e+05
   3.7120000e+02   1.0141476e+05
   3.7140000e+02   1.0166309e+05
   3.7160000e+02   1.0027619e+05
   3.7180000e+02   1.0040270e+05
   3.7200000e+02   9.9957575e+04
   3.7220000e+02   1.0139602e+05
   3.7240000e+02   1.0096495e+05
   3.7260000e+02   1.0118985e+05
   3.7280000e+02   9.9920091e+04
   3.7300000e+02   9.9948204e+04
   3.7320000e+02   9.8823690e+04
   3.7340000e+02   9.8603473e+04
   3.7360000e+02   9.9020480e+04
   3.7380000e+02   9.8697182e+04
   3.7400000e+02   9.9765470e+04
   3.7420000e+02   9.9934148e+04
   3.7440000e+02   9.9657705e+04
   3.7460000e+02   1.0019653e+05
   3.7480000e+02   1.0059011e+05
   3.7500000e+02   9.9770156e+04
   3.7520000e+02   1.0034647e+05
   3.7540000e+02   1.0128356e+05
   3.7560000e+02   1.0192079e+05
   3.7580000e+02   1.0166777e+05
   3.7600000e+02   1.0154127e+05
   3.7620000e+02   1.0104929e+05
   3.7640000e+02   1.0040270e+05
   3.7660000e+02   9.8908029e+04
   3.7680000e+02   9.9891978e+04
   3.7700000e+02   1.0019653e+05
   3.7720000e+02   9.9817011e+04
   3.7740000e+02   9.9943518e+04
   3.7760000e+02   9.9643648e+04
   3.7780000e+02   1.0028087e+05
   3.7800000e+02   9.9859180e+04
   3.7820000e+02   1.0016842e+05
   3.7840000e+02   9.9779527e+04
   3.7860000e+02   9.9624906e+04
   3.7880000e+02   1.0044955e+05
   3.7900000e+02   1.0089936e+05
   3.7920000e+02   1.0184114e+05
   3.7940000e+02   1.0144287e+05
   3.7960000e+02   1.0119923e+05
   3.7980000e+02   1.0042144e+05
   3.8000000e+02   1.0091810e+05
   3.8020000e+02   1.0170526e+05
   3.8040000e+02   1.0193016e+05
   3.8060000e+02   1.0140070e+05
   3.8080000e+02   1.0165372e+05
   3.8100000e+02   1.0119923e+05
   3.8120000e+02   1.0135385e+05
   3.8140000e+02   1.0261424e+05
   3.8160000e+02   1.0175680e+05
   3.8180000e+02   1.0290005e+05
   3.8200000e+02   1.0231437e+05
   3.8220000e+02   1.0276417e+05
   3.8240000e+02   1.0373407e+05
   3.8260000e+02   1.0399177e+05
   3.8280000e+02   1.0444157e+05
   3.8300000e+02   1.0526153e+05
   3.8320000e+02   1.0459151e+05
   3.8340000e+02   1.0426821e+05
   3.8360000e+02   1.0505537e+05
   3.8380000e+02   1.0428695e+05
   3.8400000e+02   1.0426353e+05
   3.8420000e+02   1.0467116e+05
   3.8440000e+02   1.0423541e+05
   3.8460000e+02   1.0329363e+05
   3.8480000e+02   1.0453997e+05
   3.8500000e+02   1.0361693e+05
   3.8520000e+02   1.0390743e+05
   3.8540000e+02   1.0314838e+05
   3.8560000e+02   1.0372470e+05
   3.8580000e+02   1.0335923e+05
   3.8600000e+02   1.0411359e+05
   3.8620000e+02   1.0369658e+05
   3.8640000e+02   1.0488201e+05
   3.8660000e+02   1.0453060e+05
   3.8680000e+02   1.0424010e+05
   3.8700000e+02   1.0421199e+05
   3.8720000e+02   1.0422136e+05
   3.8740000e+02   1.0433849e+05
   3.8760000e+02   1.0458214e+05
   3.8780000e+02   1.0446032e+05
   3.8800000e+02   1.0337797e+05
   3.8820000e+02   1.0395428e+05
   3.8840000e+02   1.0395897e+05
   3.8860000e+02   1.0328426e+05
   3.8880000e+02   1.0298908e+05
   3.8900000e+02   1.0367784e+05
   3.8920000e+02   1.0422136e+05
   3.8940000e+02   1.0415107e+05
   3.8960000e+02   1.0512097e+05
   3.8980000e+02   1.0456808e+05
   3.9000000e+02   1.0421667e+05
   3.9020000e+02   1.0351385e+05
   3.9040000e+02   1.0425884e+05
   3.9060000e+02   1.0431038e+05
   3.9080000e+02   1.0483984e+05
   3.9100000e+02   1.0349979e+05
   3.9120000e+02   1.0284383e+05
   3.9140000e+02   1.0362630e+05
   3.9160000e+02   1.0308747e+05
   3.9180000e+02   1.0303125e+05
   3.9200000e+02   1.0290005e+05
   3.9220000e+02   1.0201450e+05
   3.9240000e+02   1.0124139e+05
   3.9260000e+02   1.0088530e+05
   3.9280000e+02   1.0129762e+05
   3.9300000e+02   1.0181302e+05
   3.9320000e+02   1.0129294e+05
   3.9340000e+02   1.0089936e+05
   3.9360000e+02   1.0071194e+05
   3.9380000e+02   1.0033241e+05
   3.9400000e+02   1.0029024e+05
   3.9420000e+02   1.0069319e+05
   3.9440000e+02   1.0225814e+05
   3.9460000e+02   1.0174743e+05
   3.9480000e+02   1.0199107e+05
   3.9500000e+02   1.0170994e+05
   3.9520000e+02   1.0325615e+05
   3.9540000e+02   1.0306315e+05
   3.9560000e+02   1.0229177e+05
   3.9580000e+02   1.0158213e+05
   3.9600000e+02   1.0176640e+05
   3.9620000e+02   1.0168111e+05
   3.9640000e+02   1.0092266e+05
   3.9660000e+02   1.0239308e+05
   3.9680000e+02   1.0319992e+05
   3.9700000e+02   1.0278518e+05
   3.9720000e+02   1.0217073e+05
   3.9740000e+02   1.0236660e+05
   3.9760000e+02   1.0315401e+05
   3.9780000e+02   1.0273076e+05
   3.9800000e+02   1.0492730e+05
   3.9820000e+02   1.0556831e+05
   3.9840000e+02   1.0491508e+05
   3.9860000e+02   1.0494479e+05
   3.9880000e+02   1.0948711e+05
   3.9900000e+02   1.0843871e+05
   3.9920000e+02   1.1034267e+05
   3.9940000e+02   1.1792637e+05
   3.9960000e+02   1.2413837e+05
   3.9980000e+02   1.1988334e+05
   4.0000000e+02   1.6863258e+05